0.0320129
-0.0765381
0.00805664
0.0250549
0.0650024
0.0597229
0.0419617
0.0457458
0.0280457
-0.024826
-0.0213776
-0.0210419
-0.0119324
0.0168915
0.0901489
-0.0220947
0.0588989
0.0814819
0.0842896
0.0686035
0.0315552
0.0152588
-0.00608826
-0.0578308
-0.0121155
0.00243759
0.0461426
-0.00964355
0.149658
0.0890503
0.164673
0.149902
0.13208
0.0844116
0.039032
0.0132217
0.0280151
-0.0156097
0.0506897
0.0837402
0.104309
0.0896606
0.0735474
0.0576782
0.168823
0.173584
0.13147
0.0859985
0.0414124
0.0429077
0.050354
-0.0299377
0.0319519
0.0213318
0.0682983
0.100037
0.0769043
0.0140076
0.0361023
0.0561829
0.0362244
0.0790405
-0.0162659
-0.0541077
-0.0813599
-0.187622
-0.0697632
-0.0297546
-0.00823975
0.0480042
0.0565491
-0.0429993
-0.0315857
0.0980835
0.172485
0.14563
0.0141907
-0.0582581
-0.0971069
-0.206299
-0.168579
-0.208984
-0.109192
-0.0681763
0.0474548
-0.067749
0.0493469
0.190308
0.156982
0.178345
0.0690308
0.0906372
-0.0224304
-0.13501
-0.161377
-0.425537
-0.226318
-0.129639
0.126221
0.0436707
0.0968628
0.122864
0.196411
0.172852
0.0377502
0.016449
-0.0941162
-0.201416
-0.288574
-0.511719
-0.296631
-0.135742
0.275879
0.19751
0.170654
0.159912
0.135986
0.11438
0.0651245
0.0193634
-0.106018
-0.19873
-0.268799
-0.345947
-0.224609
-0.0980835
0.314697
0.242432
0.196289
0.169922
0.14624
0.0635376
0.00514221
-0.039093
-0.119934
-0.207031
-0.193359
-0.261963
-0.243164
-0.0827026
0.279785
0.30249
0.269287
0.177246
0.0834351
-0.0444031
-0.0939331
-0.0761108
-0.0880127
-0.150391
-0.0916748
-0.155273
-0.181152
-0.0845337
0.239014
0.323242
0.342529
0.134644
0.0169983
0.0305481
-0.0554504
-0.104553
-0.0807495
-0.138672
-0.0689087
-0.106201
-0.151123
-0.126099
0.151855
0.206665
0.190674
0.0645752
-0.00444794
-0.0110016
-0.0531921
-0.118896
-0.09729
-0.166504
-0.123108
-0.141357
-0.123169
-0.0795288
0.0168304
0.01474
0.0984497
0.0304871
-0.01297
-0.0129852
-0.0570984
-0.0339661
-0.0302429
-0.0402832
-0.0308685
-0.033783
-0.0412292
-0.0013113
0.0173035
0.0624695
0.0505066
0.0595398
0.0223846
0.00798035
-0.0236969
-0.0389099
-0.0366211
-0.0357971
-0.0502625
-0.0453491
-0.0218353
0.0334778
0.165405
0.109192
0.169434
0.223999
0.185059
0.147949
0.0900879
0.0961304
0.100342
0.0906982
0.0740356
0.0831909
0.0917358
0.0522766
0.194702
0.175171
0.244263
0.252197
0.199219
0.168091
0.123901
0.137085
0.124268
0.101746
0.0957031
0.140259
0.161743
0.110596
0.199463
0.226318
0.254395
0.312988
0.327393
0.347656
0.295654
0.294922
0.299316
0.340332
0.305908
0.282227
0.238159
0.201904
0.104248
0.151978
0.156616
0.203247
0.273682
0.338379
0.385254
0.446777
0.383789
0.403809
0.370605
0.287598
0.22937
0.125122
0.00272369
0.112
0.108765
0.190308
0.192017
0.280762
0.380859
0.371094
0.324219
0.379395
0.308594
0.203247
0.121826
0.0409241
0.0351562
0.0513
0.0771484
0.09552
0.0791016
0.104309
0.144165
0.148071
0.140259
0.22583
0.0878906
0.145508
-0.0169525
0.0102692
0.157959
0.0530396
0.0797119
0.0648193
0.106812
0.105347
0.0227051
0.0162811
0.0175476
0.0113983
-0.0577698
-0.0189972
-0.0795288
0.0033989
0.186279
-0.0470276
-0.0600891
-0.10907
-0.0266571
0.039032
-0.0673828
-0.0605469
-0.0923462
-0.0866089
-0.162842
-0.146851
-0.147095
-0.0536499
0.118469
-0.222534
-0.24646
-0.175415
-0.185669
-0.129761
-0.185059
-0.210815
-0.299805
-0.28418
-0.375977
-0.369385
-0.309814
-0.125366
0.0940552
-0.341797
-0.409912
-0.417969
-0.381836
-0.287354
-0.36084
-0.379639
-0.416016
-0.401367
-0.454834
-0.399658
-0.267578
-0.115112
0.104004
-0.354004
-0.478027
-0.53125
-0.459961
-0.312012
-0.318359
-0.297119
-0.224976
-0.156006
-0.215698
-0.154297
-0.140015
-0.0502625
0.0959473
-0.24292
-0.35498
-0.354248
-0.316895
-0.163452
-0.101929
-0.119995
-0.102234
-0.0849609
-0.0938721
-0.043335
0.00956726
-0.0243073
0.0500793
0.000774384
-0.00529861
0.00817871
-0.050415
-0.0596008
-0.0436707
-0.0434875
-0.00412369
0.0285492
0.0405273
0.0767822
0.126099
0.0731812
0.123413
0.086853
0.146484
0.207642
0.172119
0.160156
0.221924
0.234619
0.196533
0.115479
0.0395203
0.0899048
0.193726
0.182861
0.09729
0.0864258
0.117065
0.30542
0.259277
0.206421
0.247559
0.227051
0.189941
0.0324402
-0.0369568
0.103516
0.270508
0.227295
0.0706787
0.108643
0.214233
0.242188
0.129639
0.0486145
0.0367126
0.0508728
0.0527039
-0.127808
-0.185059
-0.0547791
0.16626
0.217529
0.209595
0.344482
0.42627
0.408203
0.344482
0.298584
0.277344
0.196045
0.118652
-0.0723877
-0.0895996
0.0687256
0.35791
0.303955
0.00241089
-0.00289917
0.0681152
0.040741
0.199707
0.134033
0.0517883
-0.0452576
-0.126709
-0.223389
-0.288818
0.0250549
0.170288
0.0861816
-0.0285339
-0.0393372
-0.0626221
-0.105347
-0.0334167
-0.0759277
0.00856018
0.0671387
-0.105469
-0.115845
-0.154663
-0.0293884
-0.0467834
0.0101624
0.0174255
0.0839844
0.0992432
0.0606384
0.0371704
0.0480347
0.183838
0.216309
0.0100708
-0.0122986
-0.124146
0.0980225
-0.0342102
-0.0143433
-0.0461731
0.00559998
0.0577393
0.176025
0.0864258
0.0367126
0.303711
0.323975
0.130005
0.113525
0.0570374
0.143799
0.0650635
-0.0279846
-0.0549011
-0.100098
-0.0139465
0.0925293
0.115356
0.234863
0.533203
0.417969
0.0553894
0.0203552
-0.0353699
0.000762939
0.0513611
0.0349426
-0.0257263
-0.0364075
-0.00897217
-0.0521545
0.0310364
0.221924
0.389404
0.264648
0.110229
0.0071106
-0.0602112
0.0351562
0.19873
0.209473
0.167969
0.120483
0.217407
-0.0398254
0.0537415
0.320557
0.453369
0.422607
0.282227
0.21521
0.0302124
0.119141
0.168213
0.253418
0.305176
0.477539
0.342041
0.25293
0.229248
0.491211
0.476074
0.353271
0.276611
0.22998
0.160278
0.248535
0.32251
0.302002
0.338379
0.586426
0.576172
0.525391
0.679199
0.776855
0.790527
0.714844
0.64209
0.397705
0.314453
0.503418
0.59082
0.39209
0.348145
0.525879
0.587891
0.543457
0.716797
0.755859
0.763672
0.660156
0.605957
0.469971
0.432617
0.44873
0.53418
0.413818
-0.0618896
-0.321045
-0.267334
-0.365479
-0.290283
-0.231323
-0.199585
-0.222778
-0.326416
-0.428711
-0.467529
-0.407959
-0.293945
-0.122864
-0.216919
-0.56543
-0.586426
-0.549805
-0.309814
-0.160034
-0.0961304
-0.177368
-0.297607
-0.51709
-0.633789
-0.609863
-0.370605
-0.166138
-0.431641
-0.899902
-0.86377
-0.836426
-0.666016
-0.592285
-0.559082
-0.503906
-0.599121
-0.739746
-0.859863
-0.869141
-0.664551
-0.3125
-0.640625
-1.05469
-1.08398
-1.0918
-0.835449
-0.806641
-0.678223
-0.669922
-0.752441
-0.964355
-0.984863
-0.978516
-0.649414
-0.260742
-0.446533
-0.619141
-0.833496
-0.85498
-0.63623
-0.632324
-0.628418
-0.61377
-0.470215
-0.493408
-0.647949
-0.760254
-0.709961
-0.311035
-0.21106
-0.211304
-0.397705
-0.475342
-0.443115
-0.535156
-0.532715
-0.405029
-0.118225
-0.0158844
-0.369385
-0.633301
-0.612305
-0.259766
-0.0958862
-0.0137177
-0.135864
-0.0794067
-0.0858154
-0.106506
-0.0741577
0.0759888
0.207764
0.315918
-0.0219879
-0.156128
-0.326172
-0.177124
-0.0962524
-0.156128
-0.220337
0.00444031
0.102112
0.1604
0.198486
0.29126
0.378174
0.453125
0.323242
0.306396
0.00975037
-0.0802612
0.0262299
-0.213745
-0.0976562
0.0599976
0.137939
0.169189
0.372314
0.4375
0.409912
0.419922
0.294678
0.293457
-0.0524292
-0.062439
0.0903931
-0.224731
0.00175476
-0.0639038
0.104187
0.158813
0.295166
0.33667
0.331299
0.102173
-0.0376587
-0.0316162
-0.150513
0.0799561
0.130371
-0.178955
0.0153046
-0.0863647
0.119812
0.271729
0.272705
0.438232
0.404541
0.305908
-0.0951538
-0.230347
-0.341797
-0.0287628
0.22229
-0.0508423
-0.146606
-0.0696411
0.00553894
0.093811
-0.062439
-0.0314941
-0.0709839
-0.124329
-0.347168
-0.375488
-0.380371
-0.0598755
0.162354
-0.135254
-0.590332
-0.696289
-0.805176
-0.763672
-0.797852
-0.51416
-0.359375
-0.355469
-0.363525
-0.333252
-0.280518
0.0758057
0.156006
0.085022
-0.129272
-0.300049
-0.332764
-0.239136
-0.195312
-0.169312
-0.120178
-0.151489
-0.131348
-0.0899048
-0.0506592
0.120789
0.0143738
-0.0669556
-0.00554276
0.0245056
0.0542603
0.0496521
0.04245
0.0478516
0.0391235
0.0109863
0.0131531
0.0400391
0.0362854
0.0254974
-0.0213318
-0.0666504
0.00842285
0.0783081
0.086731
0.0748901
0.0402222
0.0304108
0.0189819
0.00817871
0.0337524
0.071167
0.0769653
0.036438
-0.0270233
-0.0584412
0.0145569
0.0579834
0.0646973
0.0598755
0.0132446
-0.0179138
-0.0232239
-0.021225
0.0143433
0.0525818
0.0325928
0.0211945
-0.0549622
-0.0578308
-0.0237122
0.0196533
0.0231018
0.0586548
0.0735474
0.0758667
0.0411987
0.0446777
0.0668335
0.0199585
0.0154419
-0.0155182
-0.0515747
-0.0262756
0.0120392
0.0809326
0.131348
0.141357
0.113281
0.120422
0.0481262
-0.0177612
-0.0116272
-0.0914307
-0.0775146
-0.0550537
-0.00225449
0.00299454
0.0591431
0.137085
0.168335
0.164673
0.0715942
0.0570984
-0.0413818
-0.154419
-0.181274
-0.188477
-0.106262
-0.104919
0.0542603
-0.0491333
-0.0247498
0.009552
0.0156555
0.109436
0.0719604
0.118347
-0.00718307
-0.144409
-0.19397
-0.265625
-0.156006
-0.144409
0.0654297
0.0195618
-0.0233002
-0.026474
0.0357056
0.06604
0.0342712
0.040863
-0.0434265
-0.184937
-0.235718
-0.308105
-0.236816
-0.216675
0.0906372
0.0418396
0.0516663
0.0565186
0.0665894
0.0727539
0.0149384
0.00365829
-0.0576477
-0.148438
-0.192383
-0.222656
-0.217163
-0.187622
0.0935669
0.0731812
0.0410767
0.0718384
0.0761719
0.0736694
-0.0167084
-0.0375977
-0.0852661
-0.157349
-0.178345
-0.21582
-0.179565
-0.161011
0.0757446
0.103271
0.0531616
0.0358887
0.0497742
-0.00455093
-0.0327759
-0.0350952
-0.0509033
-0.139648
-0.138062
-0.160767
-0.123962
-0.129028
0.0325928
0.105286
0.092041
-0.0137329
0.0444946
0.0320435
-0.00715256
-0.0132446
-0.0955811
-0.11969
-0.0927124
-0.0980835
-0.0906372
-0.115417
-0.0272675
0.0150909
0.000507355
-0.0823975
0.0366211
0.0358276
-0.0569458
-0.0801392
-0.0733643
-0.0950928
-0.0866089
-0.0415344
-0.0487061
-0.0963745
-0.0169983
-0.0238342
0.00839233
-0.00874329
0.0119934
0.00234604
-0.0236969
-0.0260162
-0.0334778
-0.0304871
-0.0223389
-0.010376
-0.0198059
-0.00143814
0.0178986
0.0602112
0.0856934
0.115112
0.0716553
0.0200195
0.00645828
-0.00371933
0.0158539
0.0573425
0.06427
0.0576477
0.0403137
-0.0167542
0.118958
0.172119
0.22168
0.240479
0.169434
0.105652
0.0847778
0.0822754
0.0967407
0.13855
0.130859
0.126587
0.101929
0.00963593
0.262939
0.337891
0.387695
0.392334
0.312988
0.249512
0.218994
0.235107
0.230957
0.261719
0.235352
0.22876
0.202515
0.0834961
0.283691
0.345215
0.453857
0.445557
0.407471
0.373535
0.284668
0.326904
0.376465
0.412842
0.369141
0.375732
0.302979
0.158691
0.186279
0.268799
0.255859
0.2323
0.245361
0.272217
0.254395
0.254395
0.293701
0.317871
0.248047
0.259766
0.247559
0.105164
0.0982666
0.179443
0.197388
0.150879
0.0797119
0.122864
0.0908813
0.142944
0.218994
0.249756
0.1203
0.170654
0.0840454
0.0570679
-0.000178814
0.115906
0.124023
0.0824585
0.0379639
0.0206909
0.0216217
0.0475464
0.116028
0.151123
0.056366
0.114075
0.0993042
0.020874
0.0358276
0.124817
0.126831
0.118103
0.0802612
0.069397
-0.00663376
-0.0249634
-0.00724411
0.00339127
-0.0354309
0.107361
0.100891
0.0241699
0.0837402
0.0892334
0.128784
0.0248413
0.0380859
0.0413818
0.00849152
-0.0268097
-0.0445557
-0.0755005
-0.0717163
0.0662231
0.0547791
-0.0219116
0.104675
0.0301666
0.113464
0.0319519
0.0250854
-0.00963593
-0.0686035
-0.110229
-0.158691
-0.143311
-0.13916
-0.127808
-0.104553
-0.0944824
0.0751343
-0.0326538
-0.0247498
-0.125488
-0.155396
-0.174805
-0.233276
-0.265869
-0.261475
-0.199585
-0.168701
-0.158936
-0.107849
-0.0911255
0.0690308
-0.0792236
-0.163574
-0.201782
-0.263428
-0.186279
-0.164307
-0.190186
-0.173096
-0.0965576
-0.057373
-0.0701294
-0.0276794
-0.0554199
0.0418091
-0.0991211
-0.215698
-0.151733
-0.146851
-0.0333557
0.0102921
-0.0212708
-0.0372314
-0.00187302
-0.00561905
-0.00490952
0.0364075
-0.0523987
0.0386658
-0.00185776
-0.0311737
-0.0392761
-0.00622177
0.0453491
0.0411377
0.0055275
0.00387955
0.0428162
0.0900269
0.112915
0.0991211
0.00748062
0.303223
0.438965
0.421387
0.57373
0.501465
0.423828
0.385986
0.376221
0.388672
0.464111
0.520508
0.505859
0.462646
0.344727
0.662598
0.883789
1
1.16504
0.976074
0.905762
0.828613
0.815918
0.858887
0.961426
0.956055
0.92041
0.87793
0.579102
0.584473
0.753906
0.973145
1.09375
0.910645
0.746094
0.622559
0.630371
0.626465
0.657227
0.702637
0.723145
0.797852
0.67041
0.624512
0.747559
1.00684
1.0293
0.912598
0.79248
0.646973
0.605957
0.67041
0.763672
0.75
0.658203
0.688477
0.627441
0.388916
0.582031
0.664551
0.51123
0.512207
0.486572
0.353271
0.252197
0.486572
0.656738
0.54834
0.478271
0.452148
0.34375
0.224609
0.43335
0.625488
0.539062
0.276855
0.148804
0.000610352
0.138428
0.144287
0.110168
0.123108
0.29126
0.22876
0.198975
0.20166
0.391357
0.483643
0.304443
0.0782471
0.0222168
-0.0253906
0.0697632
-0.230225
-0.295166
-0.234863
-0.0273438
-0.0563354
0.0523071
0.142822
0.308838
0.391113
0.216309
0.0346985
-0.00836182
0.164185
0.122681
-0.193604
-0.192627
-0.125
-0.0100708
0.0350952
0.0288696
0.261475
0.155762
0.179688
0.114624
0.0875244
0.0865479
0.164307
0.0491638
-0.248535
-0.215088
-0.121155
0.106384
0.0497131
0.0480042
0.277588
-0.0360718
-0.0890503
-0.0984497
-0.0678101
-0.0211792
0.0454102
-0.0952759
-0.25293
-0.221436
-0.0453491
0.143311
0.230225
0.113953
0.281738
-0.0314331
-0.204346
-0.266602
-0.222168
-0.101746
-0.0118408
-0.0739136
-0.0993042
-0.0603638
-0.0155029
0.079834
0.191406
0.157959
0.208374
0.0195923
0.0722046
-0.0621948
-0.166504
0.0963135
0.149658
0.16748
0.151123
0.145996
0.0600586
0.0687866
0.243652
0.263184
0.391846
0.448242
0.261719
0.318848
0.598633
0.84082
0.862305
0.661621
0.474121
0.368408
0.327881
0.435547
0.651367
0.535156
0.21582
0.182861
0.223389
0.284424
0.436768
0.519043
0.496826
0.397461
0.342773
0.286865
0.31543
0.427002
0.574219
0.387451
0.115967
-0.129028
-0.212036
-0.267334
-0.146851
-0.0970459
-0.152222
-0.203735
-0.289795
-0.341064
-0.319092
-0.229614
-0.172729
-0.0397034
0.0827637
-0.0866699
-0.422607
-0.421631
-0.190796
-0.0277405
-0.10144
-0.189087
-0.25293
-0.341553
-0.390381
-0.313721
-0.186157
-0.0514221
-0.380615
-0.710938
-0.911621
-0.839355
-0.665527
-0.574707
-0.550781
-0.49585
-0.667969
-0.719238
-0.748535
-0.70752
-0.562988
-0.197876
-0.571777
-1.03418
-1.13965
-1.10742
-0.895996
-1.02246
-1.03516
-0.983887
-0.95459
-1.01953
-1.12207
-1.19141
-0.856934
-0.342529
-0.292969
-0.500488
-0.733398
-0.731934
-0.691406
-0.880371
-0.791504
-0.728027
-0.59375
-0.721191
-0.70459
-0.752441
-0.554199
-0.196899
-0.0782471
-0.220337
-0.303467
-0.187378
-0.285889
-0.572754
-0.703613
-0.749512
-0.473877
-0.331055
-0.320557
-0.326416
-0.176514
0.145996
-0.032196
-0.072876
-0.229614
0.202515
-0.0119324
-0.307617
-0.452881
-0.563477
-0.449951
-0.195435
-0.0541077
0.0726318
0.0947266
0.368652
0.0624084
0.244263
0.078064
0.306641
0.0863037
-0.0522766
-0.203735
-0.172485
-0.12793
0.0227814
0.0806885
0.218872
0.289307
0.379639
0.247681
0.216064
0.188477
0.144897
0.0783691
-0.0974121
-0.12146
-0.025177
-0.0418396
-0.00106812
0.0600891
0.188354
0.170044
0.261475
0.334473
-0.00332642
-0.0345764
-0.234741
-0.334473
-0.375244
-0.298096
-0.128052
-0.0841064
-0.0936279
-0.056427
0.146484
0.183594
0.183228
0.352539
-0.00418091
-0.260986
-0.562988
-0.534668
-0.286865
-0.346436
-0.0492249
-0.00494385
0.16626
0.0213928
-0.0281067
-0.214478
-0.0328674
0.318848
0.147461
-0.0366516
-0.19104
-0.334717
-0.221069
-0.296631
-0.346924
-0.222778
0.128784
0.0191345
-0.0671387
-0.201294
0.103516
0.281738
0.15332
-0.204224
-0.480713
-0.79834
-0.63916
-0.615234
-0.556641
-0.198853
0.0732422
0.0789795
0.00268555
-0.0357971
0.16626
0.18457
0.201416
0.0905762
-0.15564
-0.316162
-0.276123
-0.201538
-0.0319519
0.0519104
0.0749512
0.0177612
-0.00106812
-0.100708
0.0560608
0.0195618
-0.00829315
0.0146408
0.0267792
0.0256805
0.0146408
0.0146103
0.0150528
0.0120621
0.00351715
-0.00489044
-0.00563049
0.00376892
0.0132294
0.0276642
0.0125656
0.0307465
0.0455627
0.042511
0.0285492
0.0278015
0.0326538
0.0332336
0.0303802
0.0244751
0.0243378
0.0298615
0.0341492
0.0209351
0.0138474
0.0241241
0.0228119
0.0194855
0.00834656
0.00977325
0.0131149
0.0159302
0.0326843
0.0182953
0.0128937
0.0105438
0.0257874
0.0168304
-0.00160885
-0.000815392
-0.00241089
0.00449371
0.0228119
0.0263367
0.0214691
0.00421906
0.0123672
0.0192108
-0.00545502
-0.00291252
0.00790405
0.0150375
0.00727081
-0.00740051
0.0134811
0.0264893
0.035553
0.0314941
0.0292511
0.0191956
0.0240021
0.0247345
0.0189667
-0.00500488
-0.00317383
0.0122375
-0.00972748
-0.0227966
0.0118332
0.0117874
0.0281677
0.00504303
0.0227509
0.0034256
-0.0183868
-0.0308838
-0.0164642
-0.00948334
-0.0232544
0.0113754
-0.0245819
-0.00873566
-0.00814056
-0.0131378
0.0227356
0.0218353
0.0339355
0.00231171
-0.0137787
-0.0119019
-0.0226746
-0.0109177
-0.0332947
0.0184174
-0.0229797
-0.0273895
-0.00728607
0.0104218
0.0171356
0.0127563
0.0166779
-0.0067215
-0.012619
-0.0274048
-0.0610046
-0.0621338
-0.0378418
0.0571289
0.00827789
0.0328064
0.0241241
0.0158997
0.0110703
-0.00234222
0.0012598
-0.0120087
-0.0163422
-0.0318604
-0.0531921
-0.0438538
-0.0244141
0.0757446
0.0383606
0.0601196
0.0539246
0.0220337
0.00808716
-0.00965881
0.000687599
-0.00536346
0.00147343
-0.00380707
-0.0296783
-0.0287781
-0.023468
0.0634766
0.0578918
0.0842896
0.0886841
0.0535583
0.0118561
0.0134659
0.00798035
0.00289536
0.00357819
0.00685883
-0.0129623
-0.0119324
-0.0205383
0.0396423
0.0315857
0.0742798
0.0680542
0.0516663
0.0144119
0.0163574
0.0114059
-0.0218964
-0.0206604
0.00288773
-0.0136566
-0.0213623
-0.0200043
0.0445557
0.0454102
0.071106
0.0318298
-0.00201416
0.0112
0.00258636
-0.00395966
-0.00835419
-0.0161896
-0.0151062
-0.00833893
-0.0244293
-0.0154343
-0.00563049
-0.00962067
0.0110931
0.0121765
-0.00450897
-0.0045929
-0.00928497
-0.0217133
-0.0219421
-0.018158
-0.0271301
-0.0246735
-0.0258636
-0.0131989
0.0381165
0.0518188
0.0513611
0.112793
0.125244
0.112549
0.0875244
0.0761108
0.0932617
0.130737
0.142212
0.149414
0.12085
0.0772705
0.0238953
0.0594177
-0.00741577
0.0359192
0.0169373
0.0271912
0.0350037
0.0446167
0.0607605
0.0657959
0.0699463
0.098999
0.0919189
0.0419922
0.0437012
0.101318
0.050293
0.0337524
0.00596619
0.0257874
0.059845
0.0640869
0.0253906
0.0266418
0.0336914
0.0377808
0.0558167
-0.00610352
0.178955
0.193726
0.236938
0.226685
0.199951
0.241943
0.266357
0.251709
0.210205
0.21875
0.252197
0.227295
0.156494
0.0748291
0.25
0.296143
0.275391
0.276855
0.302734
0.30957
0.350586
0.349609
0.306641
0.295898
0.348633
0.268311
0.183716
0.0668335
0.120239
0.174805
0.159546
0.148438
0.142578
0.216553
0.209229
0.217163
0.255127
0.253662
0.251709
0.107056
0.097168
0.0545959
0.0487061
0.0898438
0.0663452
-0.000671387
0.0379333
0.215454
0.220459
0.116821
0.135254
0.126343
0.0673828
0.0634766
0.224976
0.122437
0.0451355
0.0700684
0.0184631
-0.0101013
0.0248566
0.127197
0.146606
0.0892334
0.0817261
0.0548706
-0.0412903
0.0925293
0.227661
0.139038
0.0858154
0.0904541
0.0614624
0.0298157
0.0291595
0.0228882
0.0638428
0.0708008
0.0843506
0.0661621
0.0551453
0.113403
0.193848
0.0855713
0.09021
0.0959473
0.124756
0.166138
0.0900879
-0.0014801
0.0140076
0.00354004
-0.088501
-0.0762939
-0.0162659
-0.00576782
0.0186462
-0.0398254
0.0544739
0.0632324
0.0594177
0.123291
0.0169678
-0.109619
-0.133057
-0.136963
-0.162231
-0.170654
-0.106079
-0.112305
-0.105713
-0.085083
0.0550842
0.0300293
-0.0367432
0.0328674
-0.059906
-0.166016
-0.118164
-0.11792
-0.15625
-0.113281
-0.0578918
-0.0366821
-0.0196228
-0.067627
0.000579834
-0.000640869
-0.102173
-0.0487976
0.000457764
0.00213623
-0.00787354
-0.0407104
-0.0403137
-0.0164185
-0.0258789
-0.0210876
-9.15527e-05
-0.0329285
0.00793457
-0.0704346
-0.113037
-0.0865479
-0.0793457
-0.109985
-0.0806885
-0.0673828
-0.0667725
-0.035553
0.00363159
0.0248718
0.0731201
0.0346985
0.0827026
0.0966797
0.128418
0.134399
0.110352
0.100098
0.101929
0.103333
0.115601
0.14563
0.171753
0.180664
0.148071
0.0939941
0.137207
0.170776
0.218872
0.201782
0.132935
0.16333
0.160645
0.138916
0.117737
0.13562
0.143921
0.202393
0.230225
0.115601
0.12439
0.121582
0.107788
0.100708
0.119995
0.150269
0.145508
0.106323
0.098877
0.0865479
0.069458
0.117798
0.13501
0.114014
0.0603027
0.0170593
0.0144958
0.0457458
0.153564
0.240601
0.230347
0.194092
0.1875
0.199951
0.102539
0.156616
0.0812988
0.0825806
0.0843506
0.0206604
0.0326538
0.0596619
0.187256
0.188721
0.124634
0.128174
0.189697
0.342041
0.270996
0.251953
0.176147
0.0872803
0.103394
0.0265808
0.0149536
-0.01297
0.088501
0.0970459
0.0305481
0.0375366
0.0623779
0.17749
0.209229
0.231445
0.182007
0.12085
0.21875
0.120422
0.157959
0.0592957
0.0509644
-0.0361633
-0.072998
-0.0682373
-0.109985
0.0859375
0.0566711
0.0797119
0.101318
0.0849609
0.173218
0.175659
0.204712
0.00784302
-0.0300598
-0.086792
-0.0517883
-0.0806885
-0.144287
-0.0135193
-0.0915527
-0.110962
-0.0708008
0.0189819
0.0661621
0.195312
0.123657
0.000488281
-0.146851
-0.133179
-0.12085
-0.0981445
-0.16394
-0.0524597
-0.0184631
-0.104248
-0.0917969
-0.0260315
0.0464172
0.137695
0.0307312
-0.0488586
-0.212646
-0.204102
-0.115234
-0.0919189
-0.100586
0.018158
0.0679932
0.0200806
0.0734863
0.0842285
0.0825195
0.2229
-0.0134583
-0.0821533
-0.260986
-0.182617
-0.0949707
-0.103271
-0.0423889
0.081665
0.0985107
0.169312
0.17627
0.16626
0.120361
0.195557
0.0805664
-0.0207825
-0.0983887
-0.0429993
0.028656
0.00775146
0.0487061
0.0797119
0.0567932
0.114319
0.199707
0.181152
0.141113
0.247314
0.175781
0.0968628
0.125854
0.16272
0.216797
0.165894
0.148315
0.175903
0.153687
0.208984
0.257324
0.183472
0.119873
0.140503
0.220337
0.243652
0.215332
0.193115
0.165283
0.164551
0.195801
0.196533
0.164917
0.194336
0.196777
0.109253
0.0831299
-0.00378418
-0.11499
-0.266846
-0.271729
-0.280518
-0.30542
-0.340088
-0.363037
-0.34375
-0.301025
-0.24585
-0.169922
-0.143066
0.134399
0.0757446
-0.1604
-0.434326
-0.429443
-0.335449
-0.388916
-0.44751
-0.520508
-0.552734
-0.536133
-0.458252
-0.307129
-0.083252
0.0727539
-0.0128174
-0.235596
-0.398682
-0.292236
-0.160645
-0.203125
-0.203857
-0.299072
-0.350586
-0.411377
-0.332275
-0.212402
-0.0924072
-0.0537109
-0.143799
-0.517578
-0.736328
-0.62793
-0.44458
-0.364014
-0.114258
-0.105103
-0.192139
-0.350098
-0.497314
-0.383057
-0.083374
0.20166
0.0429077
-0.337646
-0.455322
-0.490967
-0.652344
-0.516602
-0.253662
-0.043335
-0.000976562
0.0124512
0.0373535
0.00976562
0.0687256
0.161255
0.137695
-0.175537
-0.00415039
-0.272949
-0.581055
-0.741211
-0.613281
-0.261963
-0.19458
-0.0844727
0.145874
0.146606
0.112793
0.316406
0.303223
0.0272217
0.0358887
-0.124268
-0.320557
-0.466064
-0.402588
-0.164062
-0.146729
0.019165
0.231201
-0.00830078
0.142212
0.289795
0.187988
0.0917969
0.00994873
-0.170654
-0.319336
-0.391846
-0.376221
-0.210938
-0.309814
-0.249756
-0.123047
-0.257812
0.0302124
0.247437
0.144897
0.0612183
-0.0603027
-0.182617
-0.263184
-0.326416
-0.269775
-0.19751
-0.267822
-0.2229
-0.0615234
-0.186768
-0.00732422
0.195068
-0.072998
-0.064209
-0.201904
-0.312744
-0.381592
-0.313232
-0.301758
-0.197754
-0.0742188
-0.192871
-0.198242
-0.105835
-0.000732422
0.209717
-0.102783
-0.350342
-0.438232
-0.545898
-0.465576
-0.38501
-0.305176
-0.188232
-0.133545
-0.210938
-0.270508
-0.157227
0.00500488
0.263672
0.00500488
-0.449463
-0.365234
-0.397705
-0.509766
-0.504883
-0.416748
-0.349365
-0.185547
-0.140869
-0.190674
-0.0592041
0.125854
0.200806
0.146484
-0.412354
-0.710938
-0.863281
-0.774414
-0.725586
-0.633789
-0.448486
-0.202393
-0.154541
-0.076416
0.105286
0.207764
0.196045
0.189453
0.0149536
-0.218506
-0.497803
-0.48999
-0.313232
-0.125
-0.0256348
0.0274658
0.0477905
0.112732
0.200317
0.25415
0.034668
0.0129166
0.0220795
0.00754547
0.0116043
0.0253906
0.0162201
0.0217743
0.0198975
-0.019455
-0.0140762
0.0177765
0.0235443
0.00843048
0.0693359
0.053894
0.00251007
-0.0342407
-0.0353394
0.000435829
0.00318146
0.0194855
0.0120926
-0.0482788
-0.0552673
-0.0472412
-0.0327759
-0.0370789
0.0559082
-0.0125046
-0.019577
-0.0332642
-0.013237
0.00739288
0.0104752
0.0300446
-0.0120926
-0.0545654
-0.0564575
-0.045166
-0.045166
-0.0118942
-0.00841522
-0.0548706
-0.104187
-0.0892334
-0.0244598
0.0200043
0.0265198
0.0279999
-0.00122738
-0.088562
-0.13916
-0.230347
-0.192017
-0.0459595
0.0662231
0.0531006
-0.0764771
-0.0605469
0.0527649
0.0609131
0.0286713
0.0612183
0.0345154
-0.0956421
-0.130249
-0.185791
-0.261719
-0.0740967
0.16272
0.0997314
-0.0243073
0.0177002
0.143311
0.171997
0.0524902
0.00867462
-0.0150909
-0.164917
-0.282227
-0.325195
-0.262695
-0.119751
0.203735
0.147461
0.0164032
-0.0168152
0.0307159
0.172363
0.0744019
0.0595703
-0.00988007
-0.161621
-0.264648
-0.359131
-0.291992
-0.148682
0.223511
0.129272
0.0492859
-0.0457153
0.0344849
0.119507
0.0386353
0.0226746
-0.0504456
-0.151978
-0.217651
-0.345215
-0.320801
-0.175903
0.312988
0.271973
0.143921
0.037323
0.0362854
0.0330811
0.0182953
0.00336075
-0.0225525
-0.0912476
-0.147583
-0.25293
-0.24707
-0.157715
0.32373
0.320801
0.238159
0.110474
0.0565186
0.00130558
-0.0466614
-0.0805054
-0.041626
-0.0764771
-0.122742
-0.217163
-0.260254
-0.148315
0.241455
0.307617
0.248535
0.112915
0.0552673
-0.0517578
-0.0287933
-0.09375
-0.0584106
-0.0755615
-0.0482178
-0.107483
-0.137329
-0.102112
0.198486
0.238403
0.262207
0.0780029
0.0559387
0.0422058
0.0103836
-0.0786133
-0.0187225
-0.067688
-0.0295868
-0.0934448
-0.124634
-0.0887451
0.0568237
0.172729
0.198364
0.0704956
-0.0139084
0.041748
-0.0251312
-0.0132065
-0.0154648
-0.100586
-0.116333
-0.137207
-0.133179
-0.0764771
0.00221252
-0.0395203
-0.00255585
-0.0122604
-0.0463257
-0.0685425
-0.0809937
-0.0404358
-0.0436096
-0.0577087
-0.0719604
-0.0772705
-0.0426636
-0.0189209
0.0828247
0.100586
0.0853271
0.110596
0.0990601
0.106873
0.0795288
0.0845337
0.0983887
0.0958252
0.0853882
0.100952
0.11145
0.0683594
0.162476
0.236816
0.245117
0.23877
0.17334
0.158081
0.162109
0.191162
0.217163
0.203857
0.172241
0.182495
0.226562
0.111084
0.151855
0.210693
0.243774
0.239746
0.182373
0.181152
0.213135
0.258301
0.24353
0.20813
0.19043
0.193848
0.22522
0.106812
0.219727
0.302246
0.366211
0.374023
0.327148
0.374023
0.449707
0.42041
0.391113
0.410645
0.402344
0.378174
0.38916
0.238281
0.18811
0.220825
0.226685
0.251709
0.206787
0.235107
0.322266
0.338623
0.255371
0.274902
0.312744
0.281738
0.295166
0.205933
0.120667
0.114624
0.0836182
0.180542
0.181396
0.201416
0.238892
0.206543
0.185547
0.254883
0.238037
0.118835
0.116699
0.107056
0.0154572
-0.00097847
-0.0119629
0.0727539
0.0663452
0.086792
0.102905
0.0661621
0.112427
0.147949
0.124268
0.0654907
0.0543823
0.0496216
-0.0315552
-0.0653076
-0.0354614
-0.00197029
0.0675049
0.0802612
0.0180206
-0.0159149
0.0471802
0.0544434
0.0424805
0.02034
-0.00297737
0.0298004
-0.0861816
-0.0904541
-0.0147552
-0.0119019
0.0258179
0.0481567
-0.00614929
-0.04245
-0.0289764
-0.032196
-0.0315552
-0.0443115
-0.0157928
-0.0216217
-0.19104
-0.227051
-0.142212
-0.0394897
-0.00761414
0.00526428
-0.0592346
-0.097168
-0.188721
-0.21875
-0.215698
-0.251221
-0.157227
-0.0921631
-0.236084
-0.424805
-0.366943
-0.21582
-0.0924072
-0.10022
-0.182251
-0.221191
-0.277832
-0.292236
-0.283936
-0.288574
-0.161255
-0.0741577
-0.221069
-0.477783
-0.395996
-0.300293
-0.232544
-0.134155
-0.171265
-0.19043
-0.20752
-0.177612
-0.207642
-0.164551
-0.0236664
-0.00468445
-0.0537109
-0.445557
-0.523438
-0.403076
-0.221436
-0.0764771
-0.0888672
-0.128906
-0.154419
-0.120056
-0.110352
0.0141144
0.118774
0.0438232
-0.0505371
-0.234253
-0.3125
-0.245605
-0.19519
-0.164185
-0.175781
-0.200928
-0.207764
-0.169556
-0.126831
-0.0797119
-0.0092926
-0.00201225
-0.255371
-0.388184
-0.385498
-0.412109
-0.225098
-0.164062
-0.158081
-0.160767
-0.20813
-0.278809
-0.324219
-0.339111
-0.296143
-0.111572
-0.583984
-0.818359
-0.834961
-0.799805
-0.492432
-0.353271
-0.268066
-0.247925
-0.281982
-0.473877
-0.624023
-0.758789
-0.68457
-0.326904
-0.714844
-0.913086
-0.908203
-0.833984
-0.611328
-0.490479
-0.393799
-0.391846
-0.401611
-0.495605
-0.569336
-0.704102
-0.791992
-0.438721
-0.857422
-1.0957
-1.11719
-0.950195
-0.669922
-0.56543
-0.405029
-0.447998
-0.608398
-0.72168
-0.641602
-0.623047
-0.787109
-0.52002
-0.639648
-0.87793
-1.04395
-0.792969
-0.265137
-0.193359
-0.214111
-0.234375
-0.374268
-0.473877
-0.546875
-0.466797
-0.624023
-0.423096
-0.485107
-0.662109
-0.605469
-0.636719
-0.176147
-0.0543213
0.0151367
-0.067749
-0.177979
-0.213867
-0.411865
-0.568359
-0.746094
-0.467529
-0.498535
-0.497559
-0.501953
-0.374756
-0.0058136
-0.0149841
0.0294189
0.0328979
-0.0264893
0.0522461
-0.238037
-0.397949
-0.666016
-0.505859
-0.59375
-0.42749
-0.385986
-0.197754
0.0259399
0.0924683
0.0961304
0.116943
0.128052
0.224487
-0.0167236
-0.302734
-0.541016
-0.553711
-0.728516
-0.458252
-0.354004
-0.122498
-0.0270386
0.0471802
0.118896
0.150391
0.207886
0.12915
-0.111938
-0.349854
-0.505859
-0.503906
-0.762695
-0.449463
-0.478516
-0.306641
-0.112244
-0.0198975
-0.0136108
0.0911255
0.107422
-0.0725098
-0.197754
-0.361816
-0.529297
-0.40918
-0.722656
-0.394775
-0.443604
-0.366699
-0.0243225
0.071167
0.050415
0.0533447
0.0643311
-0.0287476
-0.169678
-0.315918
-0.421631
-0.272217
-0.512695
-0.347656
-0.35083
-0.343018
-0.165649
-0.0231934
-0.0949707
-0.181763
-0.232544
-0.293457
-0.314209
-0.374756
-0.397705
-0.211914
-0.440186
-0.573242
-0.517578
-0.46167
-0.499756
-0.512695
-0.547852
-0.424561
-0.380615
-0.407227
-0.376953
-0.402588
-0.472168
-0.0887451
-0.151611
-0.177979
-0.22168
-0.196045
-0.191895
-0.160889
-0.115906
-0.121948
-0.119263
-0.101074
-0.141846
-0.173218
-0.197998
-0.0407715
-0.320801
-0.703125
-0.657715
-0.731445
-0.599121
-0.522949
-0.521973
-0.547363
-0.634766
-0.741699
-0.796875
-0.783203
-0.702637
-0.371582
-0.694336
-1.15332
-1.19727
-1.26562
-0.970703
-0.791504
-0.76416
-0.865723
-1.03223
-1.28906
-1.35938
-1.30566
-1.06738
-0.503418
-0.825684
-1.19336
-1.25977
-1.33105
-1.14844
-1.06738
-1.01074
-0.982422
-1.12891
-1.26074
-1.33105
-1.3584
-1.17188
-0.541016
-0.726074
-1.24414
-1.42285
-1.62207
-1.46973
-1.55566
-1.35059
-1.28027
-1.44629
-1.59082
-1.46777
-1.45801
-1.27832
-0.612305
-0.462891
-0.899414
-1.13184
-1.13867
-1.15137
-1.39941
-1.35742
-1.16309
-1.09277
-1.13965
-1.05957
-0.907715
-1.0498
-0.386719
-0.261963
-0.563965
-0.729004
-0.673828
-0.806641
-1.06934
-1.06738
-0.913574
-0.595215
-0.461914
-0.543457
-0.717773
-0.733887
-0.220825
-0.182617
-0.337158
-0.442383
-0.217529
-0.265625
-0.712891
-0.584473
-0.299316
-0.0734863
-0.0447083
-0.122681
-0.290527
-0.411133
-0.0736694
-0.106262
-0.111694
-0.179443
0.0751953
-0.135132
-0.192383
-0.067749
0.0455017
0.196045
0.275635
0.367188
0.276611
-0.0308533
-0.103638
-0.144531
-0.127563
-0.125488
0.0282288
0.0298157
0.0128479
0.109131
0.136353
0.262451
0.205811
0.195801
0.105591
-0.191528
-0.147339
-0.126831
-0.29248
-0.17627
-0.188477
0.0403137
0.0688477
0.072876
0.149292
0.211914
-0.0419617
-0.0475159
-0.0914307
-0.401855
-0.172485
-0.212769
-0.462891
-0.299561
-0.270996
-0.0119324
0.145996
0.130615
0.208984
0.166382
-0.0137024
-0.243408
-0.476562
-0.60498
-0.248047
-0.223755
-0.490479
-0.408691
-0.210693
-0.174683
-0.0948486
-0.225342
-0.244873
-0.296143
-0.342285
-0.529297
-0.8125
-0.830078
-0.250244
-0.355225
-0.81543
-1.19434
-1.35645
-1.30176
-1.1123
-1.12109
-0.977539
-0.802734
-0.6875
-0.698242
-0.741211
-0.814453
-0.221924
-0.228027
-0.409912
-0.639648
-0.742188
-0.849609
-0.728516
-0.678711
-0.640625
-0.583008
-0.510742
-0.537598
-0.493408
-0.45459
-0.10437
0.0306244
0.00421524
0.00401688
-0.00341415
0.00337601
0.00982666
0.00217056
0.000751495
-0.0128174
-0.0404663
-0.037262
-0.0138855
0.00224686
0.0146027
0.0513
0.0451355
0.0326233
0.0320435
0.0158997
0.0330505
0.0252533
0.015976
-0.00777817
-0.0527649
-0.0528564
-0.0245209
0.0269318
0.00880432
0.0591736
0.0526733
0.0560608
0.0403748
0.0306702
0.0316162
0.0125885
0.0103607
-0.00545883
-0.0526428
-0.0440979
-0.0154572
0.0292816
0.0218506
0.0273743
0.0561523
0.0321045
0.0352173
0.0286102
0.00094986
0.00706863
0.0202026
0.0128174
-0.059845
-0.0671387
-0.0877075
-0.00530624
0.0143127
0.00490189
0.00998688
-0.0129242
0.0286713
0.0402832
0.0282898
-0.0285797
-0.012085
-0.0449524
-0.0997314
-0.0982056
-0.103821
-0.0401611
-0.00603867
0.0346375
0.00495529
0.00419998
0.00953674
0.0480652
0.0280304
-0.0403748
-0.00161362
-0.0465393
-0.125732
-0.140381
-0.144287
-0.0692139
-0.0231934
0.0737305
-0.000240326
0.0240021
0.0150299
0.0396118
0.0514832
0.0158081
0.00673294
-0.0354309
-0.104919
-0.0963135
-0.21106
-0.121765
-0.0506897
0.0944824
0.0137024
0.0511169
0.0656738
0.0957031
0.0848999
0.0110779
0.0116119
-0.0322571
-0.113403
-0.136719
-0.258057
-0.174072
-0.0570984
0.151733
0.09198
0.0904541
0.0900269
0.0762329
0.0556335
0.0164032
0.0130157
-0.0347595
-0.117981
-0.148193
-0.186157
-0.137207
-0.038147
0.196289
0.134155
0.0745239
0.0531921
0.0346069
0.0162811
-0.0237274
-0.0251923
-0.0555725
-0.141357
-0.138916
-0.143799
-0.0899048
-0.0537109
0.186035
0.1521
0.101379
0.0307617
0.0239258
-0.0146179
-0.0341187
-0.0500793
-0.056366
-0.106018
-0.0613098
-0.0735474
-0.0653687
-0.0451965
0.12854
0.149414
0.137451
0.065979
0.0467224
0.0267487
0.0121307
-0.0619202
-0.0720215
-0.0551147
-0.0239868
-0.052124
-0.0328674
-0.0363464
0.0667114
0.15332
0.150391
0.0947876
0.0536499
0.0183868
-0.00315475
-0.0378113
-0.0279999
-0.0249786
0.00117874
0.0124664
0.0199432
0.0101013
-0.00231171
0.0339661
0.0773926
0.0320435
0.00424957
-0.0254211
-0.0403137
-0.0316467
-0.0170135
-0.00471878
-0.00927734
0.0191193
0.0292358
0.0122681
-0.0117264
-0.0681763
-0.0897827
-0.10083
-0.0557556
-0.0641479
-0.0646362
-0.0765991
-0.0839844
-0.0740967
-0.0696411
-0.0609436
-0.0334778
0.00859833
-0.0401001
-0.0997925
-0.149414
-0.143677
-0.0786743
-0.0656128
-0.059967
-0.0656738
-0.0718994
-0.0852051
-0.0611877
-0.0606995
-0.0652466
-0.0135269
0.00495148
-0.0116043
-0.0543823
-0.0834351
-0.0490417
-0.0296173
-0.0448914
-0.0241547
-0.0208893
0.0187836
0.0227051
-0.0418396
-0.0377502
-0.0294647
-0.0249786
-0.0946655
-0.0979614
-0.0897827
-0.0399475
0.00519562
0.0879517
0.0753174
0.0584717
0.032135
0.0765991
0.0800781
0.0537415
-0.00602722
-0.0357971
-0.0946655
-0.0932617
-0.0214691
0.0687256
0.158325
0.201782
0.203979
0.160034
0.116089
0.0853882
0.101685
0.0913086
0.00363731
0.0288696
0.052948
0.0213623
0.0430298
0.126465
0.166138
0.167969
0.15686
0.131836
0.162476
0.0874023
-0.0174408
0.0166473
0.00597382
0.0526733
0.100159
0.0973511
0.159424
0.0661621
0.142212
0.204712
0.16333
0.140381
0.0949707
-0.00959015
-0.0532532
-0.000101089
-0.00919342
0.055542
0.0591736
0.0114441
0.0939941
0.0578918
0.0857544
0.0156555
0.0141678
0.0495911
-0.00952911
-0.0556335
-0.098999
0.0386963
0.0161896
0.00234032
-0.0196381
-0.09552
-0.0427551
0.0224457
-0.00870514
-0.0673218
-0.048584
-0.0218964
-0.0582886
-0.0960083
-0.126221
0.0225067
0.00759125
-0.00141335
-0.0643921
-0.131958
-0.117981
-0.114075
-0.0425415
-0.0583191
-0.0765991
-0.109314
-0.147705
-0.211792
-0.195068
-0.0413818
-0.0567322
-0.0169525
-0.149292
-0.199585
-0.154175
-0.0914917
0.0094223
-0.0301361
-0.108643
-0.175659
-0.158325
-0.16394
-0.162476
-0.107666
-0.0562134
0.0788574
-0.0684814
-0.200073
-0.125122
-0.0172577
-0.0140762
-0.0726929
-0.10907
-0.178101
-0.101013
-0.0555115
-0.0411987
-0.0823975
-0.0286713
0.0759277
-0.0143509
-0.160034
-0.154663
-0.162598
-0.117981
-0.160278
-0.202026
-0.186523
-0.133911
-0.0843506
-0.059845
-0.048645
-0.0298309
0.0149841
-0.0104675
-0.0180511
-0.0402222
-0.0709229
-0.0958252
-0.111389
-0.0752563
-0.040863
-0.0241699
-0.00144386
0.0102463
0.0150299
0.0261841
0.101929
0.107666
0.0917969
0.101196
0.0962524
0.0812988
0.0862427
0.0653076
0.0326538
-0.00967407
-0.0487976
-0.0304871
0.0286713
0.092041
0.0369873
-0.00186157
0.0351868
0.129517
0.170166
0.144287
0.131592
0.107178
0.0679321
-0.0107727
-0.0695801
-0.0328064
0.0606384
0.072937
-0.04245
-0.076416
-0.0284119
-0.00350952
-0.0072937
-0.0410461
-0.0638428
-0.0831299
-0.137817
-0.190674
-0.175293
-0.0710449
0.00283813
0.02005
-0.166992
-0.233643
-0.303223
-0.304932
-0.169189
-0.166992
-0.266602
-0.341553
-0.375
-0.509277
-0.547852
-0.406982
-0.203125
-0.0983887
-0.137451
-0.092041
-0.263428
-0.313232
-0.201904
-0.330811
-0.294434
-0.229248
-0.168335
-0.247314
-0.27832
-0.330322
-0.221924
-0.15271
-0.137695
-0.0927734
-0.0118713
-0.000762939
-0.172974
-0.326904
-0.211914
-0.187256
-0.224365
-0.273682
-0.249756
-0.120972
-0.0452576
-0.0639648
-0.0533142
-0.0657959
-0.106812
-0.108398
-0.113647
-0.185181
-0.227295
-0.289795
-0.394775
-0.384033
-0.260986
-0.138794
-0.0526428
0.00131226
-0.0374451
-0.102783
-0.258057
-0.205566
-0.152588
-0.184326
-0.101196
-0.0398865
-0.22168
-0.261475
-0.225342
-0.129883
-0.0993652
0.0838623
0.0451355
-0.0185242
-0.114258
-0.147095
-0.123169
-0.115356
0.0241699
-0.0101013
-0.255615
-0.290771
-0.262451
-0.178467
-0.134521
0.0755615
0.0341492
-0.0403748
-0.165283
-0.159668
-0.25415
-0.153198
-0.143555
-0.141846
-0.215576
-0.252686
-0.209229
-0.0869141
-0.0553894
0.0905762
-0.0141907
-0.0517273
-0.173584
-0.257324
-0.284912
-0.0999756
-0.0742188
-0.081665
-0.0690918
-0.0678711
-0.0942383
-0.00521851
0.0150452
0.0439453
-0.0128479
0.191284
0.0245056
0.000579834
-0.0656738
-0.0101013
-0.0786133
-0.105713
-0.0516052
-0.0528259
0.00790405
0.0314636
0.0476379
0.121277
0.107178
0.230225
0.146118
0.122437
0.19873
0.196045
0.116943
0.172607
0.239502
0.160278
0.184326
0.216431
0.263428
0.188232
0.123535
0.150757
0.145386
0.171387
0.247803
0.286621
0.320312
0.274414
0.219604
0.178833
0.170166
0.214844
0.224365
0.128418
0.210693
0.271973
0.236084
0.260742
0.21582
0.218262
0.177002
0.14624
0.101685
0.119324
0.129517
0.20166
0.230957
0.203369
0.270508
0.379883
0.287842
0.365967
0.384277
0.335205
0.266357
0.22876
0.18103
0.128662
0.0686646
0.186035
0.438477
0.308838
0.0784912
-0.0831909
-0.122131
-0.0720825
-0.0984497
-0.183594
-0.222168
-0.18457
-0.236572
-0.259277
-0.358887
-0.275879
-0.0430298
0.0563965
-0.161133
-0.430176
-0.500977
-0.530273
-0.457031
-0.567871
-0.708496
-0.721191
-0.750977
-0.834473
-0.794922
-0.63916
-0.350586
-0.0564575
-0.262207
-0.381836
-0.590332
-0.593262
-0.541016
-0.77002
-0.857422
-0.833496
-0.679199
-0.67627
-0.518555
-0.468262
-0.223145
-0.0193481
-0.221191
-0.174805
-0.0969849
-0.106262
-0.455078
-0.912109
-1.06738
-1.01465
-0.751465
-0.663086
-0.650391
-0.37793
-0.126709
0.0563354
-0.0629272
0.0667725
-0.0256348
-0.0341797
-0.178711
-0.500977
-0.703125
-0.849121
-0.762207
-0.76123
-0.587402
-0.351074
-0.183838
0.17627
-0.0241699
-0.0322266
-0.192383
-0.0906372
-0.164307
-0.256348
-0.26709
-0.284668
-0.406738
-0.45166
-0.387207
-0.160889
-0.140381
0.184326
0.0497437
-0.0213623
-0.138916
-0.196777
-0.234863
-0.271484
-0.22168
-0.206055
-0.393066
-0.456543
-0.383301
-0.327881
-0.219238
0.0906982
0.0515747
-0.209473
-0.395752
-0.441895
-0.474121
-0.450684
-0.468262
-0.455566
-0.433105
-0.510254
-0.441895
-0.179443
-0.133545
0.164551
0.0490723
-0.311523
-0.463379
-0.711914
-0.581543
-0.286621
-0.29834
-0.304199
-0.277344
-0.280762
-0.256836
-0.123474
-0.0479126
0.0979004
0.0272827
-0.0197144
-0.142822
-0.258789
-0.382324
-0.181152
-0.307129
-0.265137
-0.23877
-0.157471
-0.0587769
-0.0316772
0.0743408
0.213867
0.115662
0.0669556
-0.0128784
0.0146484
-0.0109253
0.0903931
0.0349731
0.107483
0.275879
0.260254
0.297363
0.381592
0.420898
0.341309
0.247803
0.1521
0.0540161
0.105774
0.181396
0.196045
0.202148
0.155518
0.105957
0.129639
0.231934
0.276611
0.359131
0.249756
0.0138321
-0.0157166
-0.00329399
0.00536346
0.0132828
0.0217133
0.00663757
0.00374794
-0.00537109
-0.0187073
-0.00737762
-0.00861359
-0.00598145
0.00375557
0.0106125
-0.0189209
0.00304604
0.0199127
0.0204315
0.0322571
0.0215607
0.0240326
0.00842285
-0.0170593
-0.0100632
0.00119972
0.0276031
0.0127792
0.00992584
0.00240517
0.0317688
0.0186615
0.0191956
0.0250092
-0.0115128
-0.0324097
-0.0502319
-0.0527039
-0.034668
0.0024128
0.0231171
0.0187225
0.0213013
0.0389404
0.0377197
0.0288391
0.0312347
0.0234375
0.000680923
-0.000318527
0.0121841
-0.0132217
-0.0203705
0.0089035
0.0250702
0.0416565
0.0193329
0.0262146
0.0493164
0.0722046
0.0678101
0.0552063
0.0108109
0.0238342
0.0319214
0.00261116
-0.00901794
0.0219879
0.0457458
0.0314026
-0.000123978
-0.0201569
0.00249672
0.0631104
0.106079
0.0960693
0.0279083
0.0161133
-0.0181732
-0.0865479
-0.0785522
-0.0621338
0.0202789
0.0363159
0.0190887
-0.0266876
0.0249634
0.0598755
0.0731201
0.0732422
0.028244
0.0351562
-0.00307274
-0.0942383
-0.100403
-0.130371
-0.0655518
-0.00991058
0.0927734
0.0271454
0.0344849
0.0335693
0.0633545
0.0613098
0.0104523
-0.00402832
-0.033844
-0.124023
-0.147705
-0.202148
-0.139648
-0.0618286
0.141113
0.0942383
0.0706177
0.0532227
0.041748
0.0351562
0.0123978
0.00813293
-0.0374451
-0.105103
-0.12915
-0.148071
-0.104553
-0.0501099
0.144165
0.107056
0.038208
0.0205841
0.00557709
0.00640106
-0.0117264
-0.0179901
-0.0426331
-0.0889282
-0.102783
-0.0968628
-0.0828247
-0.0465698
0.109131
0.125244
0.0444031
0.0092392
-0.0126419
-0.0145187
-0.0249176
-0.0356445
-0.0185089
-0.0351562
-0.0406494
-0.0301056
-0.0270386
-0.0224762
0.0678711
0.09375
0.0547485
0.0567627
0.0318909
0.00557709
-0.0668945
-0.0632324
-0.0482788
-0.0476685
-0.0386963
-0.0266418
-0.015976
-0.028717
0.0386963
0.035614
0.0115433
0.0632935
0.0236053
-0.078125
-0.131226
-0.0841064
-0.0497437
-0.0614624
-0.0559387
-0.0387573
-0.0325012
-0.0424194
0.00118446
-0.0206451
-0.0205994
-0.00926971
-0.0059433
-0.0223236
-0.0250397
-0.00899506
-0.00980377
-0.0154648
-0.0156555
-0.00105858
0.00113869
0.00405121
-0.00888824
-0.00333405
0.012825
0.0111008
0.00321198
0.0105591
0.0179138
0.0150909
0.0155563
0.0138321
0.0108719
0.0201111
0.0209656
0.0198669
-0.0737305
-0.0519714
-0.0240784
0.0103378
-0.0134659
-0.0291138
-0.0348816
-0.044342
-0.0469666
-0.0447388
-0.0315857
-0.0207214
-0.0358582
-0.0272217
-0.0610657
-0.00467682
0.069519
0.0807495
0.0697632
0.0537109
0.0333557
0.0249329
0.0227966
0.0235901
0.0326843
0.0517273
0.0738525
0.00548553
-0.0594177
-0.048645
0.0315857
0.0490417
0.0733032
0.0435181
0.0145111
0.0279236
0.0352478
0.00685883
0.00807953
0.00484467
0.0378723
-0.00589752
-0.00272369
0.0261536
0.0931396
0.0508728
0.0622559
0.0720215
0.0600891
0.0700073
0.0608521
0.0513916
0.0160828
-0.0261536
0.0176086
-0.0522156
-0.0174866
0.0353699
0.0221558
0.0328979
-0.028717
0.0489197
0.129272
0.137573
0.119507
0.13623
0.0523987
-0.0288391
-0.0231628
-0.0928955
0.00649261
-0.0124283
-0.0258179
-0.0112686
0.00353241
0.117371
0.15686
0.104736
0.108643
0.0996704
0.0500793
-0.0722046
-0.0943604
-0.0621643
0.0125961
0.0033493
-0.0309143
0.0237427
0.0437012
0.0701904
0.0575562
0.0570374
0.0671387
0.0466919
0.0323181
-0.0197754
-0.0519104
-0.0194397
0.0276337
0.00435638
0.0331421
0.0385742
0.00797272
-0.0143814
0.00853729
0.0209045
0.00907135
0.0101242
0.0106735
-0.025177
-0.00861359
0.00727081
0.0543518
0.0268555
0.0413208
0.0230408
-0.0049057
-0.0254211
-0.0248413
-0.0210266
-0.0333862
-0.0422058
-0.0381165
-0.0297546
0.0325317
0.00813293
0.0594177
-0.00296783
0.0122299
-0.000160217
-0.0577698
-0.0285034
-0.048645
-0.0669556
-0.0718384
-0.0375977
-0.0183716
0.0175171
0.0344543
-0.00198364
0.0335999
0.0226746
0.0925293
0.0334167
-0.0739136
-0.0620422
-0.0397949
-0.0301819
-0.0344238
-0.0302734
-0.000465393
0.0413208
0.0206604
-0.00814056
-0.0180664
0.00981903
0.0643311
0.0204773
0.0094223
0.0384827
0.0471191
-0.0016861
0.0135422
0.0333557
0.0608521
0.028717
0.0114975
-0.0297852
0.00183868
0.016571
0.0415344
0.0452576
0.0162964
-0.00788116
0.00600433
0.0125961
0.0260315
0.0224915
0.00432587
-0.0189209
-0.0462646
-0.0700684
-0.00967407
0.0491943
0.127686
0.199707
0.195312
0.177734
0.147461
0.14209
0.143799
0.149658
0.140869
0.156006
0.168457
0.102539
-0.0338745
-0.112976
-0.0175171
0.119751
0.138916
0.153564
0.171631
0.230957
0.264893
0.229004
0.174561
0.135864
0.122437
-0.0369263
-0.10614
-0.161621
-0.0237732
0.083252
0.0469971
0.0732422
0.0633545
0.0773926
0.112122
0.0864868
0.0453491
0.0181274
0.0316467
-0.105408
-0.0359497
-0.00396729
0.197754
0.215332
0.1427
0.09375
0.0757446
0.14624
0.0844116
-0.0664062
-0.0471802
0.0481873
0.111511
-0.0571899
-0.128662
-0.0974731
0.0880127
0.053772
0.133789
0.0836182
0.102722
0.136719
0.0643921
-0.121277
-0.234131
-0.14917
0.00213623
-0.122986
-0.0281372
-0.107849
0.0690308
-0.0221558
0.0566406
0.00967407
0.0551758
0.0562439
-0.019928
-0.0629272
-0.141602
-0.155273
-0.143799
-0.254395
-0.0988159
-0.118713
0.0358276
0.011261
0.00976562
-0.086731
-0.0845337
-0.0610962
-0.139648
-0.114197
-0.173096
-0.171631
-0.317871
-0.313477
-0.360596
-0.440186
-0.266357
-0.199951
-0.121521
-0.0292358
-0.0508423
-0.036438
-0.0848389
-0.0277405
-0.0414429
-0.0899048
-0.281494
-0.286865
-0.390625
-0.412354
-0.278076
-0.0105286
0.0446472
0.0389709
0.0471191
-0.0447998
-0.0643921
0.0303345
-0.0877686
-0.27124
-0.203857
-0.1875
-0.32251
-0.331543
-0.275146
-0.157715
-0.0222778
-0.0245056
-0.0603027
-0.135986
-0.00640869
-0.0354614
-0.0993042
-0.265869
-0.264893
-0.104797
-0.198242
-0.14624
-0.133057
-0.267822
-0.0390015
0.0928955
0.0828857
0.0332031
0.00912476
-0.0169678
-0.00769043
-0.0858765
-0.136475
-0.00906372
-0.0840454
0.0264282
0.0305786
-0.130859
-0.0628052
0.142944
0.0469971
-0.119202
-0.201904
-0.134521
-0.0395508
0.0474854
-0.0277405
-0.0122681
0.010376
0.11499
0.306885
0.286621
0.234619
0.252197
0.252686
0.15918
0.0854492
0.103577
0.0296021
-0.0043335
0.0493469
-0.0222473
-0.0496216
0.0466003
0.0115662
0.0717163
0.0895386
0.015686
0.0184937
0.0216064
0.0256958
-0.0390015
-0.0615845
-0.0394287
-0.00653076
-0.0568237
0.115967
0.275391
0.286133
0.296143
0.177124
0.141968
0.0721436
0.0567322
0.0551453
0.0849609
0.135498
0.210938
0.258301
0.211548
0.171143
0.374268
0.57666
0.698242
0.573242
0.52002
0.396729
0.370605
0.376709
0.425049
0.446777
0.542969
0.584961
0.390869
-0.0822754
0.0638428
0.204102
0.279053
0.203613
0.151245
0.0969849
0.0606995
-0.0101624
0.0465698
0.0645752
0.172852
0.275391
0.233887
-0.0231018
0.0116882
-0.0522766
-0.109375
-0.088501
-0.109375
-0.133301
-0.00973511
-0.0748291
-0.0503235
-0.105713
0.0317688
0.0854492
0.16748
0.0778809
0.146729
-0.0758057
-0.15271
-0.194824
-0.248291
-0.262451
-0.27832
-0.198608
-0.0315247
0.0205383
-0.0298767
-0.0766602
0.0162354
0.0534363
0.0991211
0.0540466
-0.0389709
-0.210693
-0.419678
-0.407471
-0.478271
-0.419189
-0.286133
-0.0155334
0.00335693
-0.0483704
-0.0731201
-0.0921631
0.0762939
0.0822754
-0.035675
-0.0594788
-0.235107
-0.461182
-0.564453
-0.49585
-0.394775
-0.103516
-0.044281
-0.126465
-0.116211
-0.259277
-0.0330505
-0.0299377
-0.167725
-0.182861
-0.162109
-0.32373
-0.365723
-0.441895
-0.279297
-0.159668
-0.00228882
0.0468445
-0.165771
-0.321045
-0.0212097
-0.149292
-0.14624
-0.218018
-0.266846
-0.279541
-0.272217
-0.279541
-0.111206
-0.0205994
-0.0124207
0.053009
-0.178467
-0.327148
-0.0167542
-0.197144
-0.255127
-0.342773
-0.221191
-0.280518
-0.288086
-0.139282
-0.0597229
-0.0017395
0.0241394
-0.00619507
-0.0150452
-0.273926
0.133545
-0.199463
-0.427002
-0.326416
-0.0930176
-0.183228
-0.185303
-0.0756836
-0.0693359
-0.0639648
-0.0015564
0.0462952
0.121094
-0.241455
0.0878906
-0.0470886
-0.199707
-0.196411
-0.104492
-0.320801
-0.30835
-0.282471
-0.175293
-0.130005
-0.0943604
0.0440674
0.185059
-0.128906
0.0195007
0.182861
0.131104
-0.0928955
-0.134033
-0.222656
-0.207031
-0.154297
-0.0254211
0.0218506
0.104248
0.24707
0.243164
-0.119141
-0.184814
-0.212891
-0.119507
-0.0648193
-0.0708008
-0.0922852
-0.142212
-0.189087
-0.164795
-0.145142
-0.0624695
0.00375366
-0.107422
0.0498352
0.0555115
0.00935364
-0.0784912
-0.0710449
-0.0365906
-0.0258179
-0.0123901
-0.0102844
-0.045929
-0.0599976
-0.0300598
0.00680923
-0.0465393
0.118896
0.118408
-0.0107727
-0.143555
-0.141968
-0.076416
0.0114136
0.044281
0.0393372
-0.0245361
-0.112305
-0.112183
-0.0838013
-0.0891113
0.133423
0.0985107
-0.0144348
-0.0877075
-0.0737305
-0.040741
0.0316772
0.0723877
0.035553
-0.062561
-0.178955
-0.0976562
-0.0651855
-0.0575867
0.171631
0.0421753
-0.135864
-0.185791
-0.0255127
0.0831299
0.108154
0.0923462
0.0680542
-0.127686
-0.281494
-0.307617
-0.238037
0.00156021
0.237915
0.0906372
-0.173462
-0.204834
0.069458
0.078064
0.0428772
0.108643
0.00766373
-0.209229
-0.246216
-0.253906
-0.256836
-0.00622177
0.28833
0.0396423
-0.167236
-0.171997
0.0591736
0.0536499
-0.0109558
0.0570679
0.0404358
-0.171753
-0.308594
-0.319092
-0.333984
-0.00317001
0.337158
0.113281
-0.135742
-0.237915
-0.00110245
0.115356
0.0413513
0.0322876
-0.0267639
-0.140259
-0.240234
-0.222412
-0.383789
-0.0128021
0.463867
0.0837402
-0.127075
-0.166504
0.0767822
0.0267334
0.0415039
0.0386047
-0.0153198
-0.0635376
-0.123169
-0.16394
-0.45752
-0.0555115
0.523926
0.247314
0.0706177
0.0206604
0.00787354
-0.0140381
-0.00839233
0.0250397
0.0208282
-0.0225372
-0.0817261
-0.078186
-0.328613
-0.0252838
0.532227
0.335205
0.171143
0.0717773
0.0480347
-0.016571
-0.0124664
0.0271454
0.059021
-0.0503845
-0.0931396
-0.0280457
-0.263672
-0.0697021
0.424805
0.352051
0.153442
0.0611267
0.0563049
0.00275803
0.00253677
0.00159073
0.0548706
-0.0209656
-0.128906
-0.024292
-0.0991821
-0.0268707
0.306396
0.342285
0.147583
0.0544128
0.0522766
0.0422974
-0.024231
-0.0386658
0.0718994
0.0123596
-0.0549622
-0.0744629
-0.122131
-0.0549011
0.125122
0.360352
0.143677
-0.0173645
-0.0331116
-0.0270081
-0.0475159
0.0254822
0.0367126
-0.0439148
-0.128906
-0.0733643
-0.0869141
-0.0349426
0.0600281
0.0856934
0.11438
0.0409241
0.0148621
-0.00185776
-0.0453796
-0.0393372
0.0166931
-0.019989
-0.0439453
-0.0190735
-0.00796509
-0.0195007
0.0298462
0.0646973
0.104248
0.127808
0.122681
0.0894775
0.123169
0.135742
0.1698
0.169434
0.182251
0.209595
0.169312
0.0581665
0.0252686
0.0502014
0.00878143
-0.0244446
-0.0516968
-0.0544434
0.0480957
0.125
0.20874
0.238403
0.216553
0.184814
0.0924683
-0.0753174
0.0705566
0.059021
0.00789642
0.00572968
0.0174255
0.0961914
0.203979
0.244263
0.244995
0.238647
0.168945
0.0919189
0.000572205
-0.0288391
0.231812
0.236206
0.303467
0.265381
0.244995
0.387451
0.504395
0.51416
0.47876
0.446777
0.482666
0.359619
0.164551
0.0162659
0.267334
0.22876
0.285889
0.305908
0.167603
0.249146
0.303223
0.39917
0.365234
0.316162
0.334229
0.345459
0.32666
0.0961914
0.163818
0.0795898
0.134033
0.22522
0.211548
0.166992
0.171509
0.217651
0.25708
0.199219
0.204468
0.196899
0.181274
0.107788
0.0405884
0.0283813
0.0610352
0.130737
-0.0198669
0.0258179
0.0456848
0.0853271
0.119995
0.0391846
0.0332642
0.116577
0.153687
0.0443115
-0.103882
-0.0657959
-0.0574341
0.022522
0.0227966
0.0441589
-0.0139084
-0.0656738
-0.0167847
-0.0201111
-0.0821533
-0.0381165
0.0332031
-0.0159607
-0.158325
-0.148071
-0.0953369
-0.0577393
-0.0385742
0.00215149
-0.0656738
-0.0800781
-0.0515747
-0.0843506
-0.083252
-0.0312195
-0.00263214
-0.039917
-0.196411
-0.238159
-0.258057
-0.194214
-0.158813
-0.0685425
-0.150146
-0.140503
-0.18689
-0.229614
-0.2146
-0.189575
-0.15918
-0.179443
-0.224121
-0.390381
-0.394287
-0.311523
-0.250488
-0.181885
-0.225708
-0.295898
-0.286865
-0.291748
-0.230835
-0.250732
-0.206421
-0.192383
-0.136108
-0.446045
-0.435791
-0.428467
-0.327881
-0.18396
-0.207642
-0.255127
-0.273682
-0.316162
-0.26001
-0.290283
-0.235962
-0.166626
-0.130737
-0.469971
-0.524414
-0.539062
-0.469971
-0.243286
-0.236328
-0.219727
-0.255859
-0.285889
-0.301514
-0.266113
-0.225342
-0.153076
-0.098938
-0.394287
-0.403076
-0.318115
-0.262939
-0.204834
-0.273926
-0.263916
-0.270264
-0.276611
-0.301025
-0.264648
-0.186157
-0.0609741
-0.498047
-0.944336
-0.749512
-0.651367
-0.531738
-0.552734
-0.496826
-0.505371
-0.551758
-0.686523
-0.723145
-0.786133
-0.700195
-0.580566
-0.912109
-1.35156
-1.01758
-0.911621
-0.631836
-0.604492
-0.485352
-0.406738
-0.441895
-0.655762
-0.760254
-0.960449
-1.00586
-0.824219
-0.939941
-1.0293
-0.872559
-0.850586
-0.537598
-0.375977
-0.174194
-0.12854
-0.148682
-0.239746
-0.257812
-0.522949
-0.700195
-0.587891
-1.20508
-1.43555
-1.37891
-1.10742
-0.546387
-0.17395
0.0935059
0.0686035
-0.11792
-0.276855
-0.266113
-0.436035
-0.876953
-0.720703
-0.967773
-1.32422
-1.43555
-1.00879
-0.152832
0.151367
0.435059
0.725098
0.496094
0.189941
0
-0.223633
-0.624023
-0.770996
-0.726074
-0.893555
-0.699219
-0.583984
-0.183105
0.0825195
0.700684
0.780762
0.481934
0.405762
0.20752
-0.242798
-0.632812
-0.646484
-0.634766
-0.895508
-0.717773
-0.620605
-0.256592
-0.110718
0.455566
0.678223
0.463379
0.575684
0.276367
-0.0444336
-0.405273
-0.592773
-0.588867
-0.760254
-0.697266
-0.449951
-0.165161
-0.0483398
0.350098
0.374512
0.316895
0.483887
0.448242
0.141602
-0.317871
-0.626953
-0.291992
-0.351562
-0.219238
0.137207
0.160645
0.214355
0.184082
0.133789
0.182617
0.286133
0.23291
0.0441895
-0.419189
-0.660645
-0.190918
-0.273438
-0.0146484
0.280762
0.405762
0.39209
0.210449
0.138672
-0.00756836
-0.148804
-0.136353
-0.229736
-0.512207
-0.662109
-0.168335
-0.316406
0.0581055
0.286621
0.456055
0.327637
0.169434
0.146729
0.0708008
-0.0808105
-0.145142
-0.202759
-0.541016
-0.625488
-0.231812
-0.227173
-0.0393066
0.275879
0.319336
0.0239258
-0.00976562
-0.083252
-0.163208
-0.381836
-0.294434
-0.330811
-0.566406
-0.633301
-0.412598
-0.307373
0.100098
0.251465
0.0144043
-0.396484
-0.187622
-0.113525
-0.174438
-0.24292
-0.352051
-0.457764
-0.71582
-0.591309
-0.342285
-0.35376
-0.11145
-0.187988
-0.418457
-0.628418
-0.508789
-0.343018
-0.235474
-0.189087
-0.175903
-0.232666
-0.427979
-0.386475
-0.799805
-1.35449
-1.25879
-1.32715
-1.22852
-1.1582
-1.06445
-1.08984
-1.19727
-1.47852
-1.6582
-1.73535
-1.49902
-0.90918
-1.28223
-2.05859
-1.92871
-1.99609
-1.6377
-1.47754
-1.31445
-1.33691
-1.43848
-1.80957
-1.99902
-2.07422
-1.88281
-1.02539
-1.25879
-1.80176
-1.82715
-1.93066
-1.74512
-1.62793
-1.43359
-1.20215
-1.08496
-1.20605
-1.49512
-1.80371
-1.6748
-0.931641
-0.992188
-1.59277
-1.63672
-2.0918
-2.10742
-2.0332
-1.5459
-1.31152
-1.2793
-1.46387
-1.4668
-1.75293
-1.86621
-1.12207
-0.681641
-1.1123
-1.16699
-1.37305
-1.69336
-1.87207
-1.43555
-1.04297
-0.802246
-1.00586
-1.02051
-1.18555
-1.35156
-0.897461
-0.658203
-0.974609
-0.989258
-1.0498
-1.50488
-1.65527
-1.29395
-0.957031
-0.726562
-0.694336
-0.53125
-0.808594
-0.88623
-0.669922
-0.625977
-0.87207
-1.06055
-0.958984
-1.24023
-1.50488
-1.19531
-0.783203
-0.450928
-0.531738
-0.394775
-0.473145
-0.556641
-0.525879
-0.570801
-0.769531
-0.930664
-0.619629
-0.939453
-0.920898
-0.497803
-0.43042
-0.164062
-0.301025
0.0754395
-0.0859375
-0.235229
-0.436768
-0.357666
-0.549316
-0.410156
-0.175049
-0.313965
-0.354736
-0.438477
-0.391113
-0.121338
-0.321289
-0.157715
-0.280518
-0.457275
-0.521484
-0.37207
-0.61084
-0.320312
-0.366943
-0.247803
-0.27002
-0.321777
-0.362549
-0.222412
-0.491943
-0.476318
-0.541016
-0.656738
-0.661133
-0.462891
-0.979492
-0.609863
-0.523438
-0.474121
-0.374512
-0.377197
-0.239746
-0.125244
-0.288086
-0.408203
-0.827148
-0.992188
-0.760742
-0.421387
-0.994141
-0.557617
-0.296387
-0.437988
-0.821289
-0.864258
-0.787109
-0.567383
-0.692383
-0.774414
-1.18359
-1.27051
-0.829102
-0.797852
-1.18945
-1.01562
-0.942383
-1.46289
-1.85059
-1.71582
-1.48145
-1.07031
-0.975586
-1.06543
-1.39844
-1.69238
-0.896484
-0.907227
-1.33203
-1.33887
-1.2373
-1.3418
-1.45801
-1.54785
-1.52637
-1.35645
-1.29102
-1.41895
-1.45898
-1.52051
-0.861328
-0.00364685
0.00183105
0.0105286
0.00411987
0.00154114
0.00910187
-0.0112152
-0.0131836
-0.0227509
-0.0574341
-0.05896
-0.0557861
-0.0477905
-0.0216217
0.0301361
0.0444946
0.0596313
0.0521851
0.0261383
0.0469971
0.0222168
0.0228424
0.00802612
-0.0322266
-0.0527954
-0.0502319
-0.0341187
-0.0212555
0.0651245
0.100464
0.130371
0.107178
0.0661621
0.072876
0.0496216
0.0482178
0.0222473
-0.019165
-0.00666809
0.0412598
0.0593262
0.0246124
0.0888672
0.0808716
0.0663452
0.078125
0.0730591
0.055481
0.0275421
0.0397339
0.0133209
-0.0689697
-0.0871582
-0.0301361
0.0415039
0.0413208
0.0757446
0.0360107
0.00209045
0.0214844
0.0527954
0.00431824
0.0166626
0.0169373
-0.00848389
-0.0806885
-0.0648193
0.0485229
0.0466919
0.0545654
0.0545654
0.0332031
-0.013031
0.0197449
0.085144
0.0409546
-0.0171356
0.00717163
-0.00350952
-0.108521
-0.133911
-0.0261993
0.012146
0.00375366
0.0668945
0.0305328
0.0357361
0.00897217
0.071167
0.0742188
0.0482788
0.0158844
-0.00143433
-0.0621338
-0.0581055
-0.0958252
-0.0701904
-0.0311432
0.136841
0.0792236
0.0362549
0.00588989
0.0830078
0.0857544
0.0171509
-0.00111389
-0.0319214
-0.0812988
-0.0828857
-0.181763
-0.154419
-0.036377
0.181519
0.151978
0.126221
0.0670166
0.024765
0.025177
0.0045166
0.0201416
-0.039978
-0.0949707
-0.0965576
-0.164917
-0.132202
-0.0422363
0.198853
0.154785
0.128296
0.0698853
0.0397949
0.0134583
-0.00592041
0.00820923
-0.0308685
-0.104919
-0.128784
-0.134644
-0.0914307
-0.0276642
0.169556
0.13208
0.176636
0.123779
0.0809326
-0.000244141
-0.0324097
-0.0350342
-0.00696564
-0.0958252
-0.107178
-0.0716553
-0.0341797
-0.0164337
0.123169
0.150757
0.196899
0.162476
0.0997925
0.0330811
0.0115814
-0.00895691
-0.02388
-0.0355225
-0.0246429
-0.0245819
-0.0199127
-0.0317993
0.0759277
0.138306
0.161499
0.112366
0.0710449
0.0181427
-0.0366211
-0.0612183
-0.0402222
-0.0473022
-0.0435791
-0.0493774
-0.0656738
-0.041626
0.0135956
0.0390015
0.0675659
0.0319824
-0.0180054
-0.0208588
-0.020401
-0.0400391
-0.048645
-0.0323486
-0.025528
-0.0244904
-0.0418701
-0.0100861
-0.0130692
0.0214539
0.00345612
-0.0109482
-0.00873566
-0.000679016
-0.00812531
-0.00695038
-0.0106888
-0.00382233
-0.00406647
0.0118637
0.00167084
0.0489807
-0.00678253
0.0749512
0.0424805
0.000968933
-0
-0.0101089
-0.0256348
-0.0309143
-0.0205078
0.0274048
0.0460815
0.0516357
0.00351715
0.00937653
0.0819092
0.134399
0.0910645
0.0641479
0.062439
0.083252
0.0749512
0.0619507
0.0511169
0.0808105
0.0811768
0.0993042
0.0839233
0.0305176
0.131958
0.165527
0.107178
0.0656738
0.0887451
0.146606
0.161621
0.135376
0.147095
0.192627
0.204956
0.147827
0.0778198
0.0393066
0.0322266
0.0561523
0.0656128
0.122681
0.140625
0.193359
0.194458
0.193115
0.181885
0.209229
0.168823
0.0197754
0.0591125
0.0187378
0.0104294
0.0599976
0.0728149
0.192261
0.114746
0.108154
0.178589
0.20752
0.203735
0.281006
0.161011
-0.00163269
0.00588989
-0.0159302
0.0487671
0.0714111
0.108398
0.0882568
0.0069809
0.0496216
0.102539
0.0834961
0.166992
0.210205
0.0427856
-0.0631104
-0.0206604
-0.0528564
0.0720215
0.0636597
0.025177
0.000770569
0.0289612
0.0445557
-0.0193481
0.00141907
0.0739746
0.037384
-0.0836182
-0.131226
-0.110413
-0.0598145
0.026123
-0.0534058
-0.0709229
-0.0703125
0.0146408
0.0435181
0.00243378
-0.00457764
-0.00527191
-0.036377
-0.0861816
-0.100403
-0.133179
-0.0193481
0.0118484
-0.133179
-0.173218
-0.105225
-0.0316162
0.0339661
-0.0122452
-0.067688
-0.127808
-0.158936
-0.204102
-0.181274
-0.11615
-0.0202026
0.0133133
-0.160522
-0.228394
-0.127075
-0.0614014
-0.00341797
-0.0476379
-0.125366
-0.182983
-0.173706
-0.189087
-0.144409
-0.101807
-0.0308228
-0.0292664
-0.18103
-0.215576
-0.188599
-0.116333
-0.0616455
-0.136108
-0.178711
-0.203491
-0.0910645
-0.0767822
-0.0283203
-0.0716553
-0.0168152
0.0410767
-0.175171
-0.24231
-0.220581
-0.180908
-0.137573
-0.217163
-0.169434
-0.145264
-0.113403
-0.0787354
-0.0430603
-0.0327759
0.0154495
0.00909424
-0.0335999
-0.0531006
-0.0392761
-0.0470581
-0.0352173
-0.0316772
-0.0513306
-0.0445251
-0.0290833
-0.00621796
0.0121384
0.0331421
0
0.0808716
0.131958
0.13916
0.0814209
0.0805664
0.119141
0.155762
0.168579
0.147339
0.129028
0.138428
0.181519
0.197144
0.190796
0.145142
0.142578
0.0946045
0.108521
0.136963
0.2146
0.265137
0.232544
0.193359
0.0965576
0.103638
0.16272
0.25
0.217529
-0.0469055
-0.0517273
0.0343933
0.0401917
-0.0149841
-0.0502625
0.00985718
0.0582275
0.0765991
-0.00717163
0.0323486
0.0686035
0.0184021
0.0388794
-0.129761
-0.143066
-0.0570374
0.177612
0.194946
0.118286
0.0947266
0.0404663
-0.00384521
-0.0414734
-0.0848389
-0.0263977
0.074585
0.0379944
-0.154419
-0.162842
-0.109375
-0.00326538
0.156982
0.183228
0.16687
0.0517578
-0.0197449
-0.0151367
-0.113281
-0.18457
-0.150879
-0.0589905
-0.197876
-0.117432
0.0324402
-0.229004
-0.0572815
0.0215759
0.01828
-0.021759
-0.143555
-0.229004
-0.35376
-0.468994
-0.493896
-0.184326
-0.268066
-0.09729
-0.0329285
-0.287598
-0.0144348
-0.052887
-0.108887
-0.0744629
-0.194702
-0.199707
-0.42749
-0.567383
-0.726562
-0.325928
-0.440186
-0.515625
-0.380127
-0.414795
-0.127808
-0.0732422
0.0420837
0.0507507
-0.168335
-0.120361
-0.331299
-0.530273
-0.712891
-0.419189
-0.443848
-0.520508
-0.414795
-0.310547
-0.237793
-0.0997314
0.130737
0.103638
-0.143555
-0.156372
-0.315674
-0.538574
-0.631836
-0.341309
-0.430908
-0.444092
-0.371826
-0.288818
-0.281982
-0.1698
-0.0161743
0.0209351
0.046051
-0.090332
-0.3479
-0.471436
-0.442627
-0.0915527
-0.330078
-0.255371
-0.20459
-0.240479
-0.192139
-0.0952148
0.00514221
0.0639038
0.110962
0.00567627
-0.209839
-0.13147
-0.0588684
0.0682373
-0.185303
-0.0611877
-0.0656738
-0.0855713
-0.12793
0.0689697
0.0637207
0.0154724
0.00543213
-0.111938
-0.0567322
0.0310669
0.116455
0.201416
0.188721
0.200073
0.150024
0.124512
0.2146
0.402588
0.4021
0.396484
0.355225
0.197266
0.174072
0.294434
0.36499
0.36499
0.234863
0.345215
0.31665
0.288086
0.363281
0.438721
0.418457
0.335938
0.235718
0.196167
0.196045
0.253906
0.341309
0.236328
0.195312
0.24292
0.230225
0.16687
0.0615234
0.0908203
0.0750732
0.0641479
0.0439453
0.0258789
0.0365601
0.0914917
0.159424
0.0896606
0.325195
0.433838
0.45874
0.544434
0.35083
0.380615
0.335205
0.260498
0.20752
0.147339
0.168457
0.288574
0.465088
0.312012
0.0508423
0.134033
0.185059
0.32373
0.185547
0.115723
0.0449829
0.0874023
0.0237427
-0.0960693
-0.0870361
0.226562
0.369873
0.238525
-0.0552979
-0.0285645
-0.0228271
0.0695801
0.111877
-0.0390625
-0.222168
-0.163818
-0.209961
-0.361084
-0.347412
-0.106934
0.289795
0.284912
-0.02771
-0.0412598
-0.134277
-0.150146
-0.085083
-0.325439
-0.44165
-0.490479
-0.509766
-0.482666
-0.33374
-0.0949707
0.146606
0.193359
-0.210449
-0.230713
-0.108398
-0.0249023
-0.17334
-0.525391
-0.654297
-0.743164
-0.796875
-0.600586
-0.492432
-0.154541
0.0369873
0.086792
-0.20874
-0.124512
-0.208252
-0.281982
-0.211182
-0.391846
-0.582031
-0.782227
-0.796875
-0.681641
-0.582031
-0.193604
-0.18335
-0.00445557
-0.275146
-0.259277
-0.269531
-0.328369
-0.279541
-0.4104
-0.333008
-0.365479
-0.581055
-0.511719
-0.571289
-0.342041
-0.171021
-0.154541
-0.200928
-0.140747
-0.181885
-0.376221
-0.464111
-0.410156
-0.131592
-0.136475
-0.411377
-0.481201
-0.450928
-0.372803
-0.180664
-0.250244
-0.186035
-0.327881
-0.298584
-0.584961
-0.667969
-0.419922
-0.235107
-0.210449
-0.283691
-0.447998
-0.490479
-0.328857
-0.126953
-0.11792
-0.0540771
-0.301025
-0.456299
-0.77832
-0.798828
-0.416504
-0.322266
-0.213135
-0.202881
-0.134888
-0.291748
-0.17395
0.0299072
-0.0133057
0.0870972
0.0108643
-0.276855
-0.59375
-0.604492
-0.196777
-0.185547
-0.226318
-0.198242
-0.158081
-0.191895
-0.081665
0.134277
0.164185
0.263184
0.397461
0.186401
-0.140137
-0.00561523
0.266113
0.121948
0.12085
0.257324
0.154907
0.145508
0.415771
0.547852
0.353027
0.271484
0.35791
0.365234
0.302002
0.348633
0.400635
0.35083
0.2854
0.230469
0.177979
0.193115
0.321533
0.323242
0.13147
0.0301819
-0.017334
-0.0263672
-0.0131683
0.00592804
0.0184479
-0.00749969
-0.0137024
-0.0303955
-0.0581055
-0.0458984
-0.0227051
0.0146027
0.0342102
0.0135956
-0.0386963
-0.0158386
-0.0230408
-0.00842285
0.00382996
-0.030899
-0.0366516
-0.0549927
-0.104553
-0.0872803
-0.0587158
-0.00228882
0.0223236
-0.00866699
-0.043335
-0.0216827
-0.0548706
-0.0768433
-0.0869751
-0.0722046
-0.0342712
-0.0655518
-0.167725
-0.139648
-0.057312
-0.00408936
0.0460205
0.00193787
0.0150146
-0.0106201
-0.0174866
-0.043396
-0.0323486
0.0122223
0.0339355
0.0168152
-0.0593567
-0.0372314
-0.0157166
0.0161743
0.0320435
0.0594482
0.125488
0.103943
0.0505066
0.0187988
0.0155792
0.0452881
0.102051
0.0656128
-0.0215454
0.0432739
0.133057
0.0932007
0.0480652
0.0918579
0.0523987
0.043396
0.0862427
0.0906372
0.0292969
0.00457764
0.0429077
0.0088501
-0.0433655
-0.0820312
0.0159912
0.0619507
0.0789185
0.0977173
0.0471802
0.0805054
0.109619
0.0331726
-0.0384521
-0.0980225
-0.052948
-0.0757446
-0.0941772
-0.137207
-0.167236
-0.0361023
0.0523071
0.134277
0.00799561
0.0308228
0.0135193
-0.0389404
-0.0158691
-0.0467834
-0.0515747
-0.0873413
-0.132568
-0.143799
-0.149658
-0.0697632
0.071106
0.125488
0.0778198
0.076355
0.0227661
-0.0512695
-0.0262146
-0.0280609
-0.0350952
-0.085144
-0.157715
-0.135254
-0.142334
-0.0522461
0.0453491
0.130859
0.0769043
0.0936279
0.0321045
-0.0422363
-0.0606689
-0.0571594
-0.0427551
-0.0562744
-0.1604
-0.157959
-0.147217
-0.10144
0.0142517
0.123352
0.0768433
0.112915
0.0762939
0.0303345
-0.0222473
-0.0420227
-0.0375977
-0.012207
-0.098999
-0.0895386
-0.114807
-0.100647
0.0101929
0.0736694
0.0939941
0.16626
0.148438
0.0557251
-0.000732422
-0.102539
-0.0846558
-0.0362549
-0.0789795
-0.0881958
-0.100464
-0.0558472
0.00898743
0.0650635
0.0834351
0.0845947
0.0863647
0.0551758
-0.059021
-0.134277
-0.122253
-0.0595398
-0.0552368
-0.0516968
-0.025177
0.0140686
0.0193176
0.0544434
0.0733032
0.0438232
0.0443726
0.0335388
0.0300293
0.0237427
0.0223389
0.026123
0.0286865
0.0539246
0.0782471
0.0975342
0.085022
0.0311279
0.0212402
0.019165
0.0221252
0.026886
0.0171051
0.00603485
0.00521851
0.00759125
0.0157776
0.0276489
0.0148239
8.39233e-05
-0.00473785
0.0624084
0.10968
0.0578918
0.0566101
0.0342712
0.0394592
0.0176697
0.00241089
-0.00473785
-0.00647736
0.0328674
0.0388184
0.0314941
0.0388489
0.0419312
0.136475
0.114929
0.0858154
0.0631104
0.0617676
0.0534058
0.0480652
0.0447693
0.0230408
0.0329285
0.0340271
0.0581055
0.0586853
0.0604858
0.175781
0.188599
0.14563
0.151245
0.142578
0.0913086
0.0489197
0.0656738
0.108154
0.0779419
0.0719604
0.0520935
0.0774536
0.00188446
0.0426636
0.00913239
0.0982666
0.111816
0.118652
-0.00914764
-0.0046463
0.0465088
0.0663452
0.0153732
0.000968933
0.0537109
0.00843048
0.00817108
-0.0822754
-0.0966187
0.0177612
0.04422
0.0350342
0.0334473
0.0263672
0.022522
0.0234985
0.0568848
0.0445862
0.0751343
-0.00774384
0.00782013
-0.0842285
-0.0753174
0.0287781
0.0135269
0.00414276
0.0116501
0.044281
-0.0113754
0.0318298
0.0484009
0.076416
0.0965576
0.019165
-0.0176086
-0.012001
0.0270386
0.0272522
0.0480347
0.00409698
-0.0263977
-0.00128937
-0.0134659
0.0587158
0.0441589
0.153687
0.155151
0.059967
0.0150986
0.0725098
0.0827026
0.0332031
0.0241394
0.0370789
0.0619812
0.0333557
-0.0285339
0.01017
0.0668945
0.141479
0.0961914
0.0587769
0.0561218
-0.00131989
0.00249481
0.0422974
0.0755615
0.0966187
0.0866699
0.022583
-0.0104904
0.0314026
0.0863037
0.0507812
-0.0168457
0.00830841
0.110962
0.0891724
0.0467834
0.0576172
0.0487671
0.0405273
-0.00336456
-0.0305176
-0.102661
-0.0542603
-0.029541
-0.00931549
-0.0321045
-0.00739288
0.119751
0.143433
0.0757446
0.0029068
-0.00298309
0.00557709
-0.0471191
-0.0568848
-0.0956421
-0.0107651
0.00847626
0.0283508
0.00712585
0.00771332
0.125488
0.208008
0.119385
0.0667114
0.0663452
0.0583496
0.0817871
0.0717163
0.061554
0.0788574
0.0773926
0.0836182
0.0631714
0.0148849
0.0657959
0.121216
0.105103
0.0523682
0.00693512
-0.000526428
0.0159607
0.0288391
0.0433655
0.0526123
0.0704956
0.0578613
0.0325012
0.0187378
-0.164307
-0.150635
-0.148438
-0.200195
-0.192627
-0.147217
-0.108582
-0.10199
-0.128418
-0.190918
-0.217041
-0.262451
-0.265869
-0.177979
-0.255127
-0.328857
-0.308105
-0.288574
-0.299561
-0.263428
-0.194824
-0.195068
-0.215576
-0.293457
-0.335449
-0.376709
-0.368408
-0.234131
-0.150635
-0.267578
-0.282471
-0.281738
-0.297363
-0.263916
-0.214355
-0.189453
-0.209961
-0.24585
-0.231689
-0.269531
-0.294678
-0.224365
-0.16748
-0.182861
-0.212891
-0.178711
-0.0682983
-0.0552979
-0.0479736
-0.0771484
-0.157959
-0.197998
-0.217041
-0.236328
-0.223633
-0.156738
-0.266357
-0.219971
-0.201172
-0.178955
0.09729
0.140381
0.229492
0.281494
0.222168
0.135498
-0.0055542
-0.00164795
0.00384521
-0.0790405
-0.244873
-0.0621338
0.0225525
-0.0950317
0.106995
0.182129
0.258545
0.265381
0.0393677
-0.00384521
-0.106506
0.0448608
0.0580444
-0.15332
-0.216064
-0.0518188
0.135254
0.130737
0.105652
0.153442
0.213379
0.201172
-0.000427246
-0.0762939
-0.104797
0.0113831
-0.0501709
-0.222168
-0.221924
-0.138184
-0.0174561
-0.0371094
-0.0498657
0.0738525
0.170898
0.21167
0.0983276
0.0453186
-0.00985718
-0.0290527
-0.171387
-0.33667
-0.292725
-0.171631
-0.169922
-0.15332
-0.121155
0.0148926
0.133789
0.1604
0.0786133
-0.0891724
-0.132812
-0.146973
-0.197266
-0.374512
-0.312744
-0.254639
-0.314453
-0.267822
-0.143066
0.00860596
0.00897217
-0.036377
-0.0194092
-0.224609
-0.284424
-0.293945
-0.29834
-0.293701
-0.244873
-0.238037
-0.349365
-0.363037
-0.108826
0.0346069
0.0296631
-0.0587769
-0.115662
-0.18457
-0.318115
-0.268799
-0.249268
-0.164062
-0.107117
-0.0789185
-0.258301
-0.453369
-0.251709
-0.0339355
-0.0618286
-0.238525
-0.219971
-0.236084
-0.233154
-0.186035
-0.18042
-0.117981
0.0527344
0.124939
-0.00897217
-0.251465
-0.152344
-0.00796509
-0.048584
-0.140381
-0.142578
-0.208252
-0.19751
-0.180176
-0.229248
-0.193604
0.00683594
0.0239563
0.017334
0.0481567
-0.00274658
-0.0112305
-0.0703125
-0.113098
-0.0706177
-0.0817871
-0.11615
-0.0878296
-0.0872192
-0.113464
-0.0257568
-0.126099
-0.0778809
-0.0371399
-0.0617981
-0.0586853
-0.0479126
-0.0517578
-0.062561
-0.0619812
-0.0480957
-0.0590515
-0.0960693
-0.0669556
-0.0891113
-0.173706
-0.111511
-0.0670776
-0.0526733
-0.0396423
-0.0267029
-0.0343933
-0.0475464
-0.0152664
-0.00868988
-0.0688477
-0.140503
-0.0736694
-0.0985718
-0.262207
-0.287354
-0.230225
-0.189941
-0.119141
-0.0453491
-0.0414429
-0.0557556
-0.0309753
-0.0600281
-0.11853
-0.185791
-0.123535
-0.122681
-0.313232
-0.314209
-0.345459
-0.287842
-0.13501
-0.0637207
-0.0411682
-0.130737
-0.0555115
-0.0538025
-0.159668
-0.256104
-0.126099
-0.133301
-0.17688
-0.10376
-0.132324
-0.101135
0.0539551
0.147583
0.128174
0.0325012
0.0551147
-0.00637054
0.0738525
-0.0648193
-0.0436401
-0.0406799
-0.0453796
0.108948
0.119995
0.0739136
-0.058136
-0.0281677
-0.0299377
-0.0975952
0.0849609
-0.0116653
0.0617065
-0.0311584
-0.0215454
-0.0195007
0.0559692
0.0379639
0.0113297
-0.153198
-0.233276
-0.177856
-0.276123
-0.261963
-0.115784
-0.0331116
0.0370178
-0.0356445
-0.0656738
-0.155884
-0.178833
-0.195923
-0.195435
-0.23999
-0.238037
-0.189331
-0.171753
-0.18396
-0.0941162
-0.164551
-0.0894775
-0.151978
-0.227661
-0.102722
-0.078064
-0.168945
-0.13855
-0.119019
-0.126587
-0.145508
-0.0913086
-0.100586
-0.107544
-0.113159
-0.0755615
-0.149292
-0.252441
-0.0687256
-0.162842
-0.340332
-0.317627
-0.27124
-0.188843
-0.169067
-0.171265
-0.0545959
-0.0342102
-0.101685
-0.0404968
-0.047699
-0.143311
-0.118042
-0.166626
-0.284424
-0.492432
-0.361084
-0.146606
-0.0947266
-0.101379
-0.0607605
0.0281372
-0.0639648
-0.0777588
-0.0704346
-0.00807953
-0.202271
-0.131958
-0.0309448
-0.286621
-0.231079
0.0142746
-0.0110092
-0.103088
-0.0657349
0.0448303
0.0100479
-0.0104599
0.0385132
0.0159607
-0.102783
0.005867
0.0608826
0.0029068
0.0639038
0.173462
0.0761719
0.0149765
0.0750732
0.0935059
0.115601
0.0811768
0.04776
0.00785065
-0.0409241
-0.0517273
-0.00595856
0.0232849
0.0163574
0.053009
0.00485992
0.000343323
0.0160828
-0.0399475
-0.0708008
-0.0528259
-0.0734863
-0.122559