0.999023
1
1
1
1
1
0.999023
0.999023
0.999023
1
1
1
1
0.999023
1
1
1
1
1
1
1
1
1
1
1
1
1
1
1
1
1
1
1
1
1
1
1
1
1
1
1
1
1
1
1
1
1
1
0.998047
0.999023
0.999023
1
1
1
1
1
0.999023
1
1
0.999023
0.992188
0.993164
0.987305
0.967773
0.97998
0.99707
0.999023
1
1
1
0.99707
1
0.998047
0.998047
0.953613
0.876953
0.386719
0.201538
0.414795
0.911133
0.985352
1
1
1
0.996094
1
0.99707
0.990234
0.63916
0.215088
0.0291901
0.00520325
0.00603485
0.132446
0.977051
1
1
1
0.999023
1
0.995117
0.962402
0.625488
0.19751
0.100708
0.0700684
0.0206604
0.443604
0.991211
1
1
1
1
1
1
0.969727
0.844727
0.474609
0.639648
0.586426
0.236572
0.766602
0.996094
1
1
1
1
1
1
0.910156
0.397461
0.482178
0.78418
0.755371
0.821289
0.994141
0.998047
1
1
1
1
1
1
0.986328
0.82959
0.964355
0.985352
0.987305
0.993164
0.999023
0.998047
1
1
0.999023
1
1
1
1
0.996094
0.993164
0.995117
0.992188
0.996094
1
0.999023
1
1
1
1
1
1
1
1
1
1
1
1
1
1
1
1
1
0.998047
1
1
1
1
1
1
1
1
1
0.999023
1
1
1
0.996094
1
0.999023
1
0.998047
0.99707
0.987305
0.985352
0.993164
0.999023
0.999023
1
0.999023
0.990234
1
1
1
1
1
1
1
1
1
1
1
1
1
1
1
1
1
1
1
0.999023
0.996094
0.996094
0.995117
0.999023
0.999023
1
1
0.998047
0.999023
1
1
1
0.99707
0.99707
0.984375
0.996094
0.998047
1
1
1
1
1
0.99707
1
1
0.998047
0.961426
0.993164
0.996094
0.995117
0.998047
1
1
1
1
0.999023
0.998047
0.999023
0.994141
0.998047
0.986328
0.991211
0.965332
0.925781
0.981934
0.998047
0.999023
1
1
1
0.99707
0.99707
0.980957
0.980957
0.835938
0.931152
0.662598
0.187744
0.427979
0.922363
0.999023
1
1
1
0.99707
0.996094
0.981934
0.924805
0.879883
0.758301
0.110657
0.0315247
0.103638
0.821777
0.992188
1
1
1
1
1
0.999023
0.947266
0.849121
0.373291
0.0525513
0.100708
0.403809
0.938477
0.999023
1
1
0.999023
1
1
1
0.988281
0.859863
0.677246
0.617676
0.691406
0.858398
0.998047
1
1
1
0.999023
1
1
1
1
0.996094
0.981934
0.955078
0.927734
0.949219
0.995117
0.99707
0.999023
0.999023
0.996094
0.999023
1
1
1
0.999023
0.979004
0.97168
0.985352
0.989258
0.999023
0.998047
0.998047
1
0.998047
1
1
1
1
1
1
1
0.999023
0.999023
1
1
1
1
0.999023
0.967773
0.993164
0.988281
0.98291
0.991211
0.978027
0.977051
0.987305
0.986328
0.980957
0.979004
0.983887
0.992188
0.949707
0.835449
0.97168
0.941895
0.969727
0.928223
0.894531
0.777344
0.775391
0.873047
0.961426
0.976074
0.979004
0.956055
0.796387
0.988281
1
0.999023
0.999023
0.994141
0.98291
0.885742
0.888672
0.933594
0.995117
0.998047
0.999023
0.996094
0.964355
0.991211
0.999023
0.999023
0.999023
0.99707
0.995117
0.96582
0.913574
0.893555
0.987305
0.992188
0.996094
0.995117
0.953613
0.996094
1
1
1
0.995117
0.992188
0.955078
0.967773
0.985352
0.999023
0.998047
0.999023
0.998047
0.987305
0.980957
0.994141
0.992188
0.988281
0.824707
0.847656
0.857422
0.888672
0.937012
0.987305
0.989258
0.988281
0.993164
0.966797
0.912598
0.864258
0.604004
0.836426
0.801758
0.876953
0.813965
0.719238
0.782227
0.933594
0.97168
0.993164
0.996094
0.957031
0.882812
0.77002
0.470703
0.67041
0.65918
0.858398
0.732422
0.586426
0.835938
0.911621
0.969727
0.993164
0.998047
0.919434
0.962402
0.950684
0.880371
0.848145
0.87207
0.836426
0.260254
0.149414
0.58252
0.80127
0.949707
0.993164
0.999023
0.915039
0.979004
0.986328
0.97998
0.904785
0.810059
0.547363
0.0561523
0.0827026
0.660156
0.897461
0.984375
0.998047
0.998047
0.915039
0.98291
0.992188
0.995117
0.988281
0.946289
0.728027
0.407715
0.413574
0.566895
0.933594
0.983887
0.996094
0.996094
0.831055
0.966797
0.987305
0.998047
0.99707
0.969727
0.453125
0.249756
0.175293
0.17981
0.462158
0.839844
0.958008
0.950684
0.770996
0.875977
0.869141
0.963379
0.962402
0.90918
0.139404
0.137085
0.519531
0.674805
0.911621
0.901367
0.885742
0.881348
0.616211
0.805176
0.846191
0.958984
0.987305
0.972656
0.573242
0.411133
0.5
0.654785
0.850586
0.836426
0.8125
0.84082
0.501465
0.436768
0.325684
0.225342
0.224976
0.167114
0.078186
0.0899048
0.195312
0.255371
0.404053
0.570312
0.507812
0.495117
0.332764
0.99707
1
0.999023
1
0.999023
0.998047
0.998047
0.998047
0.99707
0.998047
0.998047
0.999023
1
0.998047
1
1
1
1
1
1
1
1
1
1
1
1
1
1
0.999023
1
1
1
1
0.999023
0.99707
0.99707
0.991211
0.944824
0.886719
0.994141
1
1
0.998047
1
1
1
1
0.999023
0.984375
0.976074
0.921875
0.731445
0.727051
0.970703
1
1
0.970703
0.994141
0.986328
0.966797
0.989258
0.984375
0.920898
0.791504
0.624512
0.690918
0.833984
0.986328
1
0.999023
0.922363
0.980957
0.981934
0.96875
0.92334
0.878906
0.76416
0.630859
0.114929
0.396973
0.694824
0.996094
1
0.999023
0.916016
0.996094
0.989258
0.948242
0.782227
0.567871
0.262451
0.039856
0.00211334
0.0286713
0.272217
0.998047
0.999023
0.999023
0.844727
0.973145
0.913574
0.791504
0.662109
0.471436
0.559082
0.383301
0.0225525
0.334717
0.722168
0.999023
0.999023
0.999023
0.988281
0.998047
0.993164
0.885254
0.600098
0.515137
0.938477
0.825195
0.103821
0.440674
0.853516
0.998047
0.999023
0.998047
0.998047
0.996094
0.989258
0.510254
0.10144
0.312012
0.821777
0.777344
0.60791
0.899902
0.941895
1
1
1
0.999023
0.999023
0.999023
0.811523
0.569336
0.9375
0.985352
0.984375
0.98291
0.998047
0.969727
0.99707
0.999023
0.998047
0.998047
1
1
0.996094
0.988281
0.99707
0.996094
0.979004
0.985352
0.998047
0.984375
0.996094
1
1
1
1
1
1
1
1
1
1
1
1
1
1
1
1
0.998047
1
1
1
1
1
1
1
1
1
1
1
1
1
0.991211
1
0.999023
1
0.998047
0.996094
0.990234
0.991211
0.995117
0.999023
0.999023
1
1
0.995117
1
1
1
1
1
1
1
1
1
1
1
1
1
1
1
1
1
1
1
1
1
1
1
1
1
1
1
0.999023
1
1
1
1
1
1
1
1
1
1
1
1
1
1
0.999023
1
1
1
1
1
1
0.999023
0.999023
1
1
1
1
1
0.998047
1
1
1
0.998047
0.999023
0.998047
0.994141
0.989258
0.998047
0.999023
1
1
1
0.998047
1
0.999023
0.99707
0.954102
0.978027
0.949219
0.726074
0.472412
0.884277
0.996094
1
1
0.999023
0.99707
0.999023
0.998047
0.96875
0.892578
0.83252
0.557617
0.207764
0.0939331
0.786621
0.974121
1
1
0.998047
0.999023
1
1
0.981934
0.931152
0.688965
0.609375
0.463867
0.167847
0.855957
0.989258
1
1
0.996094
1
1
1
0.99707
0.948242
0.929199
0.969727
0.920898
0.853516
0.99707
0.999023
1
1
0.998047
1
1
1
1
0.995117
0.989258
0.993164
0.959473
0.884277
0.994141
0.995117
1
1
0.998047
0.999023
1
1
0.999023
0.996094
0.991211
0.99707
0.994141
0.992188
1
0.998047
0.999023
1
0.999023
1
1
1
1
1
1
1
1
1
1
1
1
1
1
0.987305
1
1
1
1
1
1
1
1
0.999023
0.999023
0.999023
1
0.987305
0.864746
0.986328
0.956055
0.983887
0.955078
0.924805
0.84082
0.853516
0.931641
0.984375
0.992188
0.994141
0.984375
0.884277
0.991211
1
1
1
0.998047
0.989258
0.9375
0.952637
0.980957
0.999023
1
1
0.999023
0.975098
0.996094
1
1
1
0.999023
0.999023
0.990234
0.970703
0.972656
0.99707
0.999023
0.999023
0.999023
0.980957
0.999023
1
1
1
1
0.999023
0.994141
0.992188
0.996094
1
1
1
1
0.995117
0.985352
0.996094
0.998047
0.998047
0.989258
0.991211
0.97998
0.963379
0.966797
0.996094
0.998047
0.999023
0.999023
0.983887
0.934082
0.904785
0.772461
0.963379
0.98291
0.995117
0.991211
0.978027
0.961426
0.988281
0.99707
1
0.999023
0.98291
0.933594
0.84082
0.751953
0.919922
0.941406
0.991211
0.990234
0.98291
0.984375
0.991211
0.998047
1
1
0.965332
0.984375
0.979004
0.977051
0.964355
0.981934
0.976074
0.804199
0.67627
0.898926
0.973145
0.996094
0.999023
1
0.973145
0.988281
0.996094
0.996094
0.988281
0.97998
0.929199
0.361084
0.361572
0.838867
0.973145
0.99707
1
1
0.972656
0.993164
0.999023
0.999023
0.999023
0.99707
0.97168
0.892578
0.852051
0.864746
0.989258
0.996094
0.999023
0.999023
0.9375
0.989258
0.999023
1
1
0.998047
0.888672
0.776855
0.537598
0.345459
0.772461
0.945312
0.991211
0.988281
0.913574
0.942871
0.986328
0.993164
0.992188
0.987305
0.755859
0.780273
0.875
0.864746
0.972656
0.966797
0.972656
0.977051
0.813965
0.901367
0.979004
0.996094
0.999023
1
0.994141
0.990234
0.97998
0.958008
0.973145
0.966797
0.961426
0.970703
0.73877
0.566895
0.682129
0.696777
0.779297
0.828613
0.710449
0.714355
0.785645
0.8125
0.852539
0.892578
0.820312
0.822266
0.501465
0.993164
0.961426
0.908691
0.961426
0.974121
0.976074
0.966797
0.958008
0.931641
0.943848
0.955078
0.98291
0.993164
0.990234
0.999023
0.999023
0.996094
1
1
1
1
1
0.998047
0.994141
0.993164
0.998047
1
0.999023
0.985352
0.936035
0.980957
0.995117
0.992188
0.980957
0.942871
0.913574
0.809082
0.463867
0.413574
0.807617
0.98291
0.993164
0.935059
0.770508
0.889648
0.99707
1
0.99707
0.942871
0.691895
0.21875
0.0974121
0.207764
0.867676
0.999023
1
0.174683
0.00652695
0.00323677
0.343994
0.994141
0.994141
0.941406
0.788086
0.339355
0.436768
0.539551
0.945312
0.99707
0.996094
0.0570374
0.00571823
0.030365
0.572754
0.983887
0.967773
0.92334
0.716309
0.0895386
0.418945
0.469727
0.90918
0.988281
0.99707
0.414795
0.106995
0.0574646
0.317139
0.952637
0.928223
0.689453
0.161743
0.0108643
0.354492
0.131714
0.659668
0.82959
0.992188
0.268311
0.0026226
0.00224304
0.0571899
0.887207
0.916016
0.839355
0.4646
0.106567
0.871582
0.429443
0.851074
0.904785
0.990234
0.989258
0.846191
0.621582
0.821777
0.732422
0.773926
0.966797
0.875977
0.371094
0.895996
0.647461
0.902344
0.914062
0.989258
0.999023
0.927734
0.677246
0.41626
0.207764
0.623535
0.899902
0.895996
0.846191
0.915039
0.842285
0.980957
0.986328
0.999023
1
0.995117
0.979004
0.855957
0.836426
0.96875
0.983887
0.98291
0.981934
0.99707
0.942871
0.983887
0.991211
0.99707
0.999023
0.999023
0.994141
0.979004
0.992188
0.99707
0.992188
0.939453
0.869141
0.915039
0.505859
0.790039
0.987305
0.999023
1
1
0.999023
0.986328
0.999023
1
1
1
0.999023
0.995117
0.993164
1
1
1
0.998047
1
1
1
1
1
1
1
1
0.999023
0.996094
0.999023
1
0.998047
0.994141
1
1
1
1
0.999023
0.999023
0.999023
1
1
1
1
1
0.998047
1
1
1
1
1
1
1
1
1
1
1
1
1
1
1
1
1
1
1
1
1
1
1
1
1
1
1
0.999023
1
1
1
1
1
1
1
1
1
1
1
1
1
1
0.99707
1
1
1
1
1
1
0.999023
0.995117
0.999023
1
1
1
0.999023
0.983887
0.99707
0.998047
0.999023
1
1
1
1
0.988281
0.995117
0.996094
1
1
0.99707
0.985352
0.999023
0.999023
0.996094
0.994141
0.999023
0.999023
0.995117
0.916504
0.974121
0.993164
1
1
0.994141
0.970703
0.995117
0.992188
0.925781
0.975098
0.984375
0.97998
0.950684
0.697754
0.953613
0.97998
1
1
0.996094
0.990234
0.999023
0.998047
0.981934
0.970703
0.955078
0.979004
0.926758
0.355225
0.895996
0.984375
1
1
0.996094
0.998047
1
0.999023
0.99707
0.981934
0.981934
0.992188
0.978027
0.898438
0.996094
0.99707
1
1
0.999023
0.999023
1
1
1
0.999023
0.99707
0.998047
0.992188
0.960449
0.99707
0.991211
1
1
0.998047
0.99707
1
1
0.999023
0.999023
0.999023
1
0.998047
0.996094
1
0.998047
1
1
0.998047
1
1
1
1
1
1
1
1
1
1
1
1
1
1
0.986328
1
1
1
1
1
1
1
1
1
1
1
1
0.994141
0.810059
0.976074
0.950684
0.975098
0.942871
0.90918
0.861816
0.870117
0.924316
0.97168
0.98291
0.984375
0.969727
0.839355
0.980957
0.999023
0.999023
0.999023
0.993164
0.977051
0.931152
0.952637
0.977051
0.99707
0.999023
0.999023
0.996094
0.937012
0.990234
0.999023
0.999023
0.999023
0.998047
0.996094
0.986328
0.96875
0.96875
0.994141
0.99707
0.998047
0.99707
0.95166
0.99707
1
1
1
0.999023
0.998047
0.989258
0.985352
0.993164
0.999023
0.999023
0.999023
0.998047
0.978027
0.973145
0.994141
0.996094
0.996094
0.979004
0.985352
0.973145
0.945312
0.942871
0.988281
0.992188
0.995117
0.995117
0.930176
0.898926
0.913574
0.817383
0.941406
0.945312
0.97998
0.969727
0.934082
0.891113
0.928223
0.958984
0.995117
0.993164
0.866211
0.900391
0.890625
0.819336
0.846191
0.794922
0.936035
0.931641
0.89209
0.856934
0.882812
0.970703
0.99707
0.99707
0.812012
0.939453
0.960449
0.941895
0.864746
0.875
0.858398
0.652832
0.529297
0.604492
0.744629
0.914062
0.993164
0.996094
0.850586
0.957031
0.983887
0.981934
0.927734
0.879883
0.726074
0.35791
0.338623
0.44751
0.748535
0.954102
0.995117
0.996094
0.870605
0.978027
0.994141
0.995117
0.987305
0.952637
0.858887
0.759277
0.709473
0.637695
0.929199
0.97168
0.993164
0.993164
0.822266
0.973145
0.996094
0.999023
0.99707
0.972656
0.789062
0.713867
0.565918
0.425293
0.689941
0.859863
0.96875
0.96875
0.805176
0.918457
0.97998
0.983887
0.97168
0.953613
0.719238
0.800781
0.849609
0.832031
0.948242
0.934082
0.956055
0.958008
0.719238
0.900391
0.97998
0.994141
0.99707
0.999023
0.993164
0.990234
0.976074
0.953613
0.957031
0.930176
0.934082
0.953613
0.600098
0.601074
0.729492
0.773438
0.793945
0.827637
0.746582
0.745117
0.790527
0.802734
0.820312
0.861816
0.818359
0.817871
0.467041
0.000976562
0
0
0
0
0
0.000976562
0.000976562
0.000976562
0
0
0
0
0.000976562
0
0
0
0
0
0
0
0
0
0
0
0
0
0
0
0
0
0
0
0
0
0
0
0
0
0
0
0
0
0
0
0
0
0
0.00195312
0.000976562
0.000976562
0
0
0
0
0
0.000976562
0
0
0.000976562
0.0078125
0.00683594
0.0126953
0.0322266
0.0200195
0.00292969
0.000976562
0
0
0
0.00292969
0
0.00195312
0.00195312
0.0463867
0.123047
0.613281
0.79834
0.584961
0.0888672
0.0146484
0
0
0
0.00390625
0
0.00292969
0.00976562
0.36084
0.785156
0.970703
0.994629
0.994141
0.867676
0.0229492
0
0
0
0.000976562
0
0.00488281
0.0375977
0.374512
0.802734
0.899414
0.929688
0.979492
0.556641
0.00878906
0
0
0
0
0
0
0.0302734
0.155273
0.525391
0.360352
0.413574
0.763672
0.233398
0.00390625
0
0
0
0
0
0
0.0898438
0.602539
0.517578
0.21582
0.244629
0.178711
0.00585938
0.00195312
0
0
0
0
0
0
0.0136719
0.17041
0.0356445
0.0146484
0.0126953
0.00683594
0.000976562
0.00195312
0
0
0.000976562
0
0
0
0
0.00390625
0.00683594
0.00488281
0.0078125
0.00390625
0
0.000976562
0
0
0
0
0
0
0
0
0
0
0
0
0
0
0
0
0
0.00195312
0
0
0
0
0
0
0
0
0
0.000976562
0
0
0
0.00390625
0
0.000976562
0
0.00195312
0.00292969
0.0126953
0.0146484
0.00683594
0.000976562
0.000976562
0
0.000976562
0.00976562
0
0
0
0
0
0
0
0
0
0
0
0
0
0
0
0
0
0
0
0.000976562
0.00390625
0.00390625
0.00488281
0.000976562
0.000976562
0
0
0.00195312
0.000976562
0
0
0
0.00292969
0.00292969
0.015625
0.00390625
0.00195312
0
0
0
0
0
0.00292969
0
0
0.00195312
0.0385742
0.00683594
0.00390625
0.00488281
0.00195312
0
0
0
0
0.000976562
0.00195312
0.000976562
0.00585938
0.00195312
0.0136719
0.00878906
0.034668
0.0742188
0.0180664
0.00195312
0.000976562
0
0
0
0.00292969
0.00292969
0.019043
0.019043
0.164062
0.0688477
0.337402
0.8125
0.572266
0.0776367
0.000976562
0
0
0
0.00292969
0.00390625
0.0180664
0.0751953
0.120117
0.241699
0.88916
0.968262
0.896484
0.178223
0.0078125
0
0
0
0
0
0.000976562
0.0527344
0.150879
0.626953
0.947266
0.899414
0.596191
0.0615234
0.000976562
0
0
0.000976562
0
0
0
0.0117188
0.140137
0.322754
0.382324
0.308594
0.141602
0.00195312
0
0
0
0.000976562
0
0
0
0
0.00390625
0.0180664
0.0449219
0.0722656
0.0507812
0.00488281
0.00292969
0.000976562
0.000976562
0.00390625
0.000976562
0
0
0
0.000976562
0.0209961
0.0283203
0.0146484
0.0107422
0.000976562
0.00195312
0.00195312
0
0.00195312
0
0
0
0
0
0
0
0.000976562
0.000976562
0
0
0
0
0.000976562
0.0322266
0.00683594
0.0117188
0.0170898
0.00878906
0.0219727
0.0229492
0.0126953
0.0136719
0.019043
0.0209961
0.0161133
0.0078125
0.050293
0.164551
0.0283203
0.0581055
0.0302734
0.0717773
0.105469
0.222656
0.224609
0.126953
0.0385742
0.0239258
0.0209961
0.0439453
0.203613
0.0117188
0
0.000976562
0.000976562
0.00585938
0.0170898
0.114258
0.111328
0.0664062
0.00488281
0.00195312
0.000976562
0.00390625
0.0356445
0.00878906
0.000976562
0.000976562
0.000976562
0.00292969
0.00488281
0.0341797
0.0864258
0.106445
0.0126953
0.0078125
0.00390625
0.00488281
0.0463867
0.00390625
0
0
0
0.00488281
0.0078125
0.0449219
0.0322266
0.0146484
0.000976562
0.00195312
0.000976562
0.00195312
0.0126953
0.019043
0.00585938
0.0078125
0.0117188
0.175293
0.152344
0.142578
0.111328
0.0629883
0.0126953
0.0107422
0.0117188
0.00683594
0.0332031
0.0874023
0.135742
0.395996
0.163574
0.198242
0.123047
0.186035
0.280762
0.217773
0.0664062
0.0283203
0.00683594
0.00390625
0.0429688
0.117188
0.22998
0.529297
0.32959
0.34082
0.141602
0.267578
0.413574
0.164062
0.0883789
0.0302734
0.00683594
0.00195312
0.0805664
0.0375977
0.0493164
0.119629
0.151855
0.12793
0.163574
0.739746
0.850586
0.41748
0.19873
0.050293
0.00683594
0.000976562
0.0849609
0.0209961
0.0136719
0.0200195
0.0952148
0.189941
0.452637
0.943848
0.91748
0.339844
0.102539
0.015625
0.00195312
0.00195312
0.0849609
0.0170898
0.0078125
0.00488281
0.0117188
0.0537109
0.271973
0.592285
0.586426
0.433105
0.0664062
0.0161133
0.00390625
0.00390625
0.168945
0.0332031
0.0126953
0.00195312
0.00292969
0.0302734
0.546875
0.75
0.824707
0.820312
0.538086
0.160156
0.0419922
0.0493164
0.229004
0.124023
0.130859
0.0366211
0.0375977
0.0908203
0.860352
0.862793
0.480469
0.325195
0.0883789
0.0986328
0.114258
0.118652
0.383789
0.194824
0.153809
0.0410156
0.0126953
0.0273438
0.426758
0.588867
0.5
0.345215
0.149414
0.163574
0.1875
0.15918
0.498535
0.563477
0.674316
0.774414
0.774902
0.833008
0.921875
0.910156
0.804688
0.744629
0.595703
0.429688
0.492188
0.504883
0.666992
0.00292969
0
0.000976562
0
0.000976562
0.00195312
0.00195312
0.00195312
0.00292969
0.00195312
0.00195312
0.000976562
0
0.00195312
0
0
0
0
0
0
0
0
0
0
0
0
0
0
0.000976562
0
0
0
0
0.000976562
0.00292969
0.00292969
0.00878906
0.0551758
0.113281
0.00585938
0
0
0.00195312
0
0
0
0
0.000976562
0.015625
0.0239258
0.078125
0.268555
0.272949
0.0292969
0
0
0.0292969
0.00585938
0.0136719
0.0332031
0.0107422
0.015625
0.0791016
0.208496
0.375488
0.309082
0.166016
0.0136719
0
0.000976562
0.0776367
0.019043
0.0180664
0.03125
0.0766602
0.121094
0.23584
0.369141
0.885254
0.603027
0.305176
0.00390625
0
0.000976562
0.0839844
0.00390625
0.0107422
0.0517578
0.217773
0.432129
0.737305
0.959961
0.998047
0.971191
0.727539
0.00195312
0.000976562
0.000976562
0.155273
0.0268555
0.0864258
0.208496
0.337891
0.52832
0.440918
0.616699
0.977539
0.665039
0.277832
0.000976562
0.000976562
0.000976562
0.0117188
0.00195312
0.00683594
0.114746
0.399902
0.484863
0.0615234
0.174805
0.895996
0.55957
0.146484
0.00195312
0.000976562
0.00195312
0.00195312
0.00390625
0.0107422
0.489746
0.898438
0.687988
0.178223
0.222656
0.39209
0.100098
0.0581055
0
0
0
0.000976562
0.000976562
0.000976562
0.188477
0.430664
0.0625
0.0146484
0.015625
0.0170898
0.00195312
0.0302734
0.00292969
0.000976562
0.00195312
0.00195312
0
0
0.00390625
0.0117188
0.00292969
0.00390625
0.0209961
0.0146484
0.00195312
0.015625
0.00390625
0
0
0
0
0
0
0
0
0
0
0
0
0
0
0
0
0.00195312
0
0
0
0
0
0
0
0
0
0
0
0
0
0.00878906
0
0.000976562
0
0.00195312
0.00390625
0.00976562
0.00878906
0.00488281
0.000976562
0.000976562
0
0
0.00488281
0
0
0
0
0
0
0
0
0
0
0
0
0
0
0
0
0
0
0
0
0
0
0
0
0
0
0
0.000976562
0
0
0
0
0
0
0
0
0
0
0
0
0
0
0.000976562
0
0
0
0
0
0
0.000976562
0.000976562
0
0
0
0
0
0.00195312
0
0
0
0.00195312
0.000976562
0.00195312
0.00585938
0.0107422
0.00195312
0.000976562
0
0
0
0.00195312
0
0.000976562
0.00292969
0.0458984
0.0219727
0.0507812
0.273926
0.527344
0.115723
0.00390625
0
0
0.000976562
0.00292969
0.000976562
0.00195312
0.03125
0.107422
0.16748
0.442383
0.791992
0.90625
0.213379
0.0258789
0
0
0.00195312
0.000976562
0
0
0.0180664
0.0688477
0.311035
0.390625
0.536133
0.832031
0.144043
0.0107422
0
0
0.00390625
0
0
0
0.00292969
0.0517578
0.0708008
0.0302734
0.0791016
0.146484
0.00292969
0.000976562
0
0
0.00195312
0
0
0
0
0.00488281
0.0107422
0.00683594
0.0405273
0.115723
0.00585938
0.00488281
0
0
0.00195312
0.000976562
0
0
0.000976562
0.00390625
0.00878906
0.00292969
0.00585938
0.0078125
0
0.00195312
0.000976562
0
0.000976562
0
0
0
0
0
0
0
0
0
0
0
0
0
0
0.0126953
0
0
0
0
0
0
0
0
0.000976562
0.000976562
0.000976562
0
0.0126953
0.135254
0.0136719
0.0439453
0.0161133
0.0449219
0.0751953
0.15918
0.146484
0.0683594
0.015625
0.0078125
0.00585938
0.015625
0.115723
0.00878906
0
0
0
0.00195312
0.0107422
0.0625
0.0473633
0.019043
0.000976562
0
0
0.000976562
0.0249023
0.00390625
0
0
0
0.000976562
0.000976562
0.00976562
0.0292969
0.0273438
0.00292969
0.000976562
0.000976562
0.000976562
0.019043
0.000976562
0
0
0
0
0.000976562
0.00585938
0.0078125
0.00390625
0
0
0
0
0.00488281
0.0146484
0.00390625
0.00195312
0.00195312
0.0107422
0.00878906
0.0200195
0.0366211
0.0332031
0.00390625
0.00195312
0.000976562
0.000976562
0.0161133
0.065918
0.0952148
0.227539
0.0366211
0.0170898
0.00488281
0.00878906
0.0219727
0.0385742
0.0117188
0.00292969
0
0.000976562
0.0170898
0.0664062
0.15918
0.248047
0.0800781
0.0585938
0.00878906
0.00976562
0.0170898
0.015625
0.00878906
0.00195312
0
0
0.034668
0.015625
0.0209961
0.0229492
0.0356445
0.0180664
0.0239258
0.195801
0.32373
0.101074
0.0268555
0.00390625
0.000976562
0
0.0268555
0.0117188
0.00390625
0.00390625
0.0117188
0.0200195
0.0708008
0.638672
0.638672
0.161133
0.0268555
0.00292969
0
0
0.0273438
0.00683594
0.000976562
0.000976562
0.000976562
0.00292969
0.0283203
0.107422
0.147949
0.135254
0.0107422
0.00390625
0.000976562
0.000976562
0.0625
0.0107422
0.000976562
0
0
0.00195312
0.111328
0.223145
0.462402
0.654297
0.227539
0.0546875
0.00878906
0.0117188
0.0864258
0.0571289
0.0136719
0.00683594
0.0078125
0.0126953
0.244141
0.219727
0.125
0.135254
0.0273438
0.0332031
0.0273438
0.0229492
0.186035
0.0986328
0.0209961
0.00390625
0.000976562
0
0.00585938
0.00976562
0.0200195
0.0419922
0.0268555
0.0332031
0.0385742
0.0292969
0.26123
0.433105
0.317871
0.303223
0.220703
0.171387
0.289551
0.285645
0.214355
0.1875
0.147461
0.107422
0.179688
0.177734
0.498535
0.00683594
0.0385742
0.0913086
0.0385742
0.0258789
0.0239258
0.0332031
0.0419922
0.0683594
0.0561523
0.0449219
0.0170898
0.00683594
0.00976562
0.000976562
0.000976562
0.00390625
0
0
0
0
0
0.00195312
0.00585938
0.00683594
0.00195312
0
0.000976562
0.0146484
0.0639648
0.019043
0.00488281
0.0078125
0.019043
0.0571289
0.0864258
0.190918
0.536133
0.586426
0.192383
0.0170898
0.00683594
0.0649414
0.229492
0.110352
0.00292969
0
0.00292969
0.0571289
0.308105
0.78125
0.902344
0.791992
0.132324
0.000976562
0
0.825195
0.993652
0.996582
0.65625
0.00585938
0.00585938
0.0585938
0.211914
0.660645
0.563477
0.460449
0.0546875
0.00292969
0.00390625
0.942871
0.994141
0.969727
0.427246
0.0161133
0.0322266
0.0766602
0.283691
0.910645
0.581055
0.530273
0.0908203
0.0117188
0.00292969
0.584961
0.893066
0.942383
0.682617
0.0473633
0.0717773
0.310547
0.838379
0.989258
0.645508
0.868164
0.340332
0.17041
0.0078125
0.731445
0.997559
0.997559
0.942871
0.112793
0.0839844
0.160645
0.535156
0.893555
0.128418
0.570312
0.148926
0.0952148
0.00976562
0.0107422
0.153809
0.378418
0.178223
0.267578
0.226074
0.0332031
0.124023
0.628906
0.104004
0.352539
0.0976562
0.0859375
0.0107422
0.000976562
0.0722656
0.322754
0.583984
0.791992
0.376465
0.100098
0.104004
0.153809
0.0849609
0.157715
0.019043
0.0136719
0.000976562
0
0.00488281
0.0209961
0.144043
0.163574
0.03125
0.0161133
0.0170898
0.0180664
0.00292969
0.0571289
0.0161133
0.00878906
0.00292969
0.000976562
0.000976562
0.00585938
0.0209961
0.0078125
0.00292969
0.0078125
0.0605469
0.130859
0.0849609
0.494141
0.209961
0.0126953
0.000976562
0
0
0.000976562
0.0136719
0.000976562
0
0
0
0.000976562
0.00488281
0.00683594
0
0
0
0.00195312
0
0
0
0
0
0
0
0
0.000976562
0.00390625
0.000976562
0
0.00195312
0.00585938
0
0
0
0
0.000976562
0.000976562
0.000976562
0
0
0
0
0
0.00195312
0
0
0
0
0
0
0
0
0
0
0
0
0
0
0
0
0
0
0
0
0
0
0
0
0
0
0
0.000976562
0
0
0
0
0
0
0
0
0
0
0
0
0
0
0.00292969
0
0
0
0
0
0
0.000976562
0.00488281
0.000976562
0
0
0
0.000976562
0.0161133
0.00292969
0.00195312
0.000976562
0
0
0
0
0.0117188
0.00488281
0.00390625
0
0
0.00292969
0.0146484
0.000976562
0.000976562
0.00390625
0.00585938
0.000976562
0.000976562
0.00488281
0.0834961
0.0258789
0.00683594
0
0
0.00585938
0.0292969
0.00488281
0.0078125
0.0742188
0.0249023
0.015625
0.0200195
0.0493164
0.302246
0.0463867
0.0200195
0
0
0.00390625
0.00976562
0.000976562
0.00195312
0.0180664
0.0292969
0.0449219
0.0209961
0.0732422
0.644531
0.104004
0.015625
0
0
0.00390625
0.00195312
0
0.000976562
0.00292969
0.0180664
0.0180664
0.0078125
0.0219727
0.101562
0.00390625
0.00292969
0
0
0.000976562
0.000976562
0
0
0
0.000976562
0.00292969
0.00195312
0.0078125
0.0395508
0.00292969
0.00878906
0
0
0.00195312
0.00292969
0
0
0.000976562
0.000976562
0.000976562
0
0.00195312
0.00390625
0
0.00195312
0
0
0.00195312
0
0
0
0
0
0
0
0
0
0
0
0
0
0
0.0136719
0
0
0
0
0
0
0
0
0
0
0
0
0.00585938
0.189941
0.0239258
0.0493164
0.0249023
0.0571289
0.0908203
0.138184
0.129883
0.0756836
0.0283203
0.0170898
0.015625
0.0302734
0.160645
0.019043
0.000976562
0.000976562
0.000976562
0.00683594
0.0229492
0.0688477
0.0473633
0.0229492
0.00292969
0.000976562
0.000976562
0.00390625
0.0629883
0.00976562
0.000976562
0.000976562
0.000976562
0.00195312
0.00390625
0.0136719
0.03125
0.03125
0.00585938
0.00292969
0.00195312
0.00292969
0.0483398
0.00292969
0
0
0
0.000976562
0.00195312
0.0107422
0.0146484
0.00683594
0.000976562
0.000976562
0.000976562
0.00195312
0.0219727
0.0268555
0.00585938
0.00390625
0.00390625
0.0209961
0.0146484
0.0268555
0.0546875
0.0571289
0.0117188
0.0078125
0.00488281
0.00488281
0.0698242
0.101074
0.0864258
0.182617
0.0585938
0.0546875
0.0200195
0.0302734
0.065918
0.108887
0.0717773
0.0410156
0.00488281
0.00683594
0.133789
0.0996094
0.109375
0.180664
0.153809
0.205078
0.0639648
0.0683594
0.10791
0.143066
0.117188
0.0292969
0.00292969
0.00292969
0.187988
0.0605469
0.0395508
0.0581055
0.135254
0.125
0.141602
0.347168
0.470703
0.395508
0.255371
0.0859375
0.00683594
0.00390625
0.149414
0.0429688
0.0161133
0.0180664
0.0722656
0.120117
0.273926
0.64209
0.661133
0.552734
0.251465
0.0458984
0.00488281
0.00390625
0.129395
0.0219727
0.00585938
0.00488281
0.0126953
0.0473633
0.141113
0.240723
0.290527
0.362305
0.0708008
0.0283203
0.00683594
0.00683594
0.177734
0.0268555
0.00390625
0.000976562
0.00292969
0.0273438
0.210938
0.286133
0.434082
0.574707
0.310059
0.140137
0.03125
0.03125
0.194824
0.081543
0.0200195
0.0161133
0.0283203
0.0463867
0.280762
0.199219
0.150391
0.167969
0.0517578
0.065918
0.0439453
0.0419922
0.280762
0.0996094
0.0200195
0.00585938
0.00292969
0.000976562
0.00683594
0.00976562
0.0239258
0.0463867
0.0429688
0.0698242
0.065918
0.0463867
0.399902
0.398926
0.270508
0.226562
0.206055
0.172363
0.253418
0.254883
0.209473
0.197266
0.179688
0.138184
0.181641
0.182129
0.533203